Date	cusip	sedol	compustat_id	ROE	CFROIC	LTDE	CapAcqRatio	ShareChg	CashCycle	NetProfitMargin	WCAccruals	BP	PM12M1M	PM1M	LogMktCap	AnnVol12M	AnnVol1M	HL1M	LogTTMSales	FCFP	EBITDAEV	EP	AstAdjChg1YFCF	AstAdjChg1YOCF	Chg1YAstTo	Chg1YEPS	PM9M	Beta60M	SusGrwRate	90DCV	DivP	SEV	AccrualRatioCF	PM5D	NIStab	LTGC	EstDiffC	SUEC	EPSNumRevFY1C	PM-style	HG-style	CE-style	Val-style	EQ-style	Sz-style	Vol-style	AE-style
2014-03-11		6175203	01574301W	2	5	4	5	4	5	1	2	4	2	3	5	5	5	1	5	5		2	4	4	4	3	3	3	3	5	3	4		2	2	4	4	2	4	1	4	5	4	2	5	5	3
2014-03-11		6489937	20331101W	5	5	1	5	5	5	5	5	2	5	1	3	1	2	1	1	5	5	5	5	5	5	5	5	1		1		4		3						3	5	5	5	5	2	1	
2014-03-11		6138701	20082201W										3	3		5	5										3			5				3						3						5	
2014-03-11		B02PY22	20809501W	2	1	4	2	3	1	1	2	5	2	4	5	5	5	4	5	2	3	3	3	3	3	3	3	4	4	4	2	4	3	4	4	4	4	5	4	4	4	2	4	2	5	5	5
2014-03-11		6648868	25792101W	2	3	1	4	4	2	2	2	1	4	5	2	2	1	4	3	5	1	1	4	1	3		2	2		2		1	5	4	3					5	3	2	1	2	2	1	
2014-03-11		B01RK98	27098701W	4	4		4	1	1	3	3	3	3	5	2	3	3	3	2	3	1	3	2	3	5	3	3	2		4	1	1	2	2	3					3	3	4	2	2	2	3	
2014-03-11		B02QFZ5	27099301W	5	2	4	2	4	3	5	4	1	5	1	1	2	1	3	2	1	2	5	2	2	3		5	3		2		2	1	1	5					2	2	4	2	4	1	2	
2014-03-11		B02SP17	27100201W	5	4	1	3	5	3	4	3	1	5	1	1	2	2		2	3	5	5	2	2	4	5	4	3		2		1		3						4	3	4	3	5	1	2	
2014-03-11		B1PB3K5	28247101W	5	3		3	2	2	5	1	3	1	1	2	1	3	1	2	3	1	4	1	1	1	5	1	1		1		5	1	4	5					1	1	4	3	2	2	1	
2014-03-11		B1QH443	28262501W	1	2	4	1	4	3	2	3	3	2	3	4	4	4	4	4	1	2	1	3	3	1	1	4	2	1	5	1	2	4	3	2					3	1	2	1	2	4	4	
2014-03-11		6345556	24583601W	5	5	2	5	5	2	5	4	5	2	4	2	3	3	2	3	4	5	5	4	5	2		2	4		4		2	2	2	5					1	4	5	5	4	3	4	
2014-03-11		B9YHNY4	24264101W	4	2	3	3	1	1	5	1	3	4	5	4	2	2	4	4	3	2	4	2	2	2		3	4		2		4	2	1	4					4	1	2	2	2	4	2	
2014-03-11		6163327	24609501W	1	5	5	5	5	5	2	5	5	2	4	5	5	4	3	5	5	4	2	2	2	4	2	2	5	4	5	1	4	5	4	2					3	3	5	3	5	5	5	
2014-03-11		6286053	24610201W	4	4	2	4	3	2	4	1	1	3	2	1	2	3	2	4	4	1	3	2	3	2		3	3	5	1	1	1	2	4	5					3	4	4	1	3	2	2	
2014-03-11		6259271	24612501W	4	4		5	1	5	1	2	3	3	2	4	1	1	4	1	3	4	3	3	3	1	5	3	2		1		5	3	2	4					3	3	4	4	3	2	1	
2014-03-11		6811295	01577201W	3	4	2		2	5	1	4	2	4	5	5	5	2	5	5	3	3	2	4	4	5	3	2	3	3	3	4	5	3	4	3		5	3	5	5	5	2	3	4	5	4	5
2014-03-11		6216760	20135801W	2	5	4	4	1	2	4	5	4	4	3	5	5	5	2	5	5	3	1	4	4	3	2	4	2	1	5	3	1	5	1	2	4	1	2	1	2	3	3	3	5	5	4	1
2014-03-11		6380159	20266601W	3	1		1	5	4	2	2	3	4	2	2	2	4	1	1	1	1	1	1	1	5	4	4	5	5	2	1	2	1	2	4					2	3	2	1	2	2	3	
2014-03-11		6530965	20042201W	1	5	5	5	2	5	1	5	3	3	4	4	5	5	5	3	4	4	1	5	5	5	3	2	3	1	5	2	5	4	5	1					5	5	4	4	3	4	5	
2014-03-11		B19ZPQ3	20825301W	3	4	2	5	2	5	1	5	5	4	3	5	4	4	4	3	3	4	4	4	4	1	1	5	4	4	4	5	5	5	5			3		2	5	3	3	5	5	4	4	2
2014-03-11		B07R0B4	25796301W	2	2		3	5	3	1	5	4	4	4	4	3	3	3	2	4	2	2	5	3	2	3	4	1		4		4	5	4	2					5	3	2	2	4	3	3	
2014-03-11		6465443	22208001W	4	1	4	1	2	5	5	1	1	4	2	3	3	3	3	1	1		4	1	1	5	5	4	4	4	4	2	5	1	3	5					4	3	1	2	4	2	4	
2014-03-11		B8HCXF0	27780301W	5	5		4	2	1	4	5	5	4	2	4	2	2	3	5	2	4	4	1	1	1	4	3	3		2		1	1	1						2	1	4	2	2	4	2	
2014-03-11		B6Z8WF9	27098601W	5	5		5	5	5	5	5	1	5	1	1	1	1	2	1	5	5	5	2	2	5		5	1		1		5	5	5	5					5	3	5	5	5	1	1	
2014-03-11		6622163	27099201W	2	5	2	5	1	4	2	5	5	4	3	4	3	3	4	4	4	3	3	4	4	3	2	4	2	1	4	1	3	4	5						5	2	3	2	5	4	3	
2014-03-11		B80D7J2	24607901W	2	5	4	4	5	5	2	5	3	3	2	3	4	4	1	3	5	2	1	4	5	5	4	3	4	5	4	5	3	5	3						2	5	5	4	5	3	4	
2014-03-11		6298166	21214401W	1	3	3	1	2	5	1	2	3	1	2	3	3	2	3	1	2	5	1	4	4	5	1	1	2	5	5	5	4	1	5						2	5	1	3	1	2	3	
2014-03-11		6881919	21215101W	4	4	4	5	4	2	4	2	2	4	4	3	3	3	5	4	3	4	4	1	1	1	4	3	3	5	5	3	1	4	3	2					5	2	5	2	2	4	4	
2014-03-11		B1XFLM7	21238601W	1	1	5	3	2	2	2	2	5	3	5	5	4	5		5	3	2	3	4	2	2	3	4	5		3	2	4	2	2	3	1	1	2	1	4	2	2	2	1	5	5	1
2014-03-11		6663827	10101101W	4	3	5	2	2	5	2	4	2	4	4	5	5	5	5	4	2	4	4	3	3	2	4	4	5	5	4	3	5	3	4	3	2	3	5	3	5	3	3	3	4	5	5	4
2014-03-11		6322333	10158601W	4	4	3	3	4	1	4	3	1	3	3	4	5	4	4	2	3	4	4	1	3	3	4	3	1	1	4	3	4	2	5	2					4	2	4	3	2	3	4	
2014-03-11		6207463	12876301W	4	1	5	3	2	2	4	2	2	5	4	5	4	4	4	5	3	1	4	4	3	4	5	4	2		5		3	2	5	2					5	4	3	3	2	5	4	
2014-03-11		B063TH2	20337601W	2	4	4	5	1	5	1	3	2	2	2	3	4	5	2	2	3	4	1	1	2	1	1	3	2	2	5	4	4	5	2	2					1	1	3	3	4	3	5	
2014-03-11		6449931	22208401W	4	2	2	1	4	4	4	2	1	3	1	3	3	3	1	5	1	1	4	1	1	3	4	4	1	4	3	4	1	1	3	1					2	2	2	1	2	4	2	
2014-03-11		B15F664	27788101W	1	2	5	2	2	3	2	3	5	4	5	5	3	2	5	5	2	4	3	3	3	5	4	3	5	3	3	3	4	1	5	2	3	1	1	1	5	4	2	4	1	5	3	1
2014-03-11		B01BTN7	27099401W	2	5		5	5	4	2	5	5	1	1	4	1	2	3	3	4	4	3	5	5	2	1	1	1		3		4	5	1						1	4	5	5	5	4	1	
2014-03-11		B02FTS3	27100101W	3	1	5	2	2	4	3	4	1	2	1	1	2	2	1	4	1	1	1	2	2	2	1	3	2	4	2	3	3	2	4	3					2	2	2	1	3	2	2	
2014-03-11		6311223	24608701W	2	2	4	1	2	1	1	3	4	3	5	3	4	4	4	2	1	2	2	4	4	1	3	2	3	3	5	2	4	3	3	1					4	3	1	2	1	2	4	
2014-03-11		6167363	24610401W	3	2	3	3	2	4	3	4	2	2	1	2	1	1	1	2	4	3	2	4	4	4	4	4		3	1	2	2		1						1	4	3	2	4	1	1	
2014-03-11		6279859	24611201W	2	3	5	3	4	3	3	4	5	1	5	4	4	5	5	4	3	3	3	4	4	4	3	2	4	3	4	3	3	4	5	1	2	3		2	4	4	5	4	4	4	5	2
2014-03-11		6260336	24285801W	3	3	1	3	4	4	3	3	5	4	4	3	3	2	2	1	3	4	4	2	1	1	1	5			4		4	3	3	4					4	1	2	4	3	2	3	
2014-03-11		6371788	24688001W	3	1	1	2	2	3	3	3	1	2	2	2	3	5	2	3	2	1	2	4	4	3	4	3	1	2	5	2	1	2	3	2					2	3	1	1	2	3	4	
2014-03-11		6665254	20841201W	3	2		1	2	2	3	2	3	3	4	3	4	5	5	4	1	1	3	4	5	4	4	2	4	3	5	1	1	1	2	3					3	4	1	1	1	3	5	
2014-03-11		6005838	10155501W	4	3	1	2	4	3	5	2	4	4	2	3	2	2	1	2	2	4	4	1	1	4		4	2		3		4	1	3	4					2	2	3	5	3	3	2	
2014-03-11		6457677	22208801W	5	4	3	3	5	1	1	2	1	5	1	3	1	1	2		4	5	5	3	2	5	5	5	4		1		5	1	1	4					3	4	5	5	1	3	1	
2014-03-11		B02PD92	27101001W	5	4		3	2	3	5	2	1	3	2	1	1	5	2	2	3	5	5	2	2	1		3	1		2		1	1	1	5					2	1	4	3	4	2	2	
2014-03-11		6327424	24575701W	2	3	4	1	2	2	4	4	2	1	4	4	4	4	3	5	2	2	1	2	2	2	2	1		3	2	3	1	3	2	3		5	4	5	1	1	2	1	3	5	4	5
2014-03-11		6218131	24610301W	5	5		5	2	4	5	3	4	5	5	4	2	1	4	1	4	4	4	5	5	1		1	2		1		5	4	4	4					5	4	5	5	5	3	1	
2014-03-11		6272041	24610501W	1	1	2	2	4	4	2	4	4	1	4	4	4	3	2	4	2	2	1	1	1	4	1	2		1	5	1	2	4	3	1					2	1	1	1	3	4	4	
2014-03-11		6201034	24278101W	5	5	2	4	2	4	5	3	1	4	2	1	2	2	2	1	5	5	5	5	5	5	5	4	2		2		1		1						3	5	4	4	5	1	2	
2014-03-11		6258096	24285701W	5	5		5	2	2	4	3	2	4	1	1	2	2	2	3	4	1	5	5	5	4	5	4	1		3		5	2	1						2	5	4	4	3	2	2	
2014-03-11		6734637	20538501W	1	2		1	4	1	1	2	5	3	5	5	5	4	5	4	2	4	3	3	3	3	1	2	4	2	4	5	4	1	5	1	2	4	2	4	5	2	2	4	1	5	5	4
2014-03-11		6018450	20570901W	1	2	4	1	2	5	1	3	3	2	4	5	2	3	3	5	1	1	2	3	3	1	1	5	1	3	3	5	4	5	5	2					5	1	1	2	3	5	2	
2014-03-11		6662880	20864201W	4	3	2	3	4	5	1	1	2	4	3	5	5	3	1	4	3	4	3	4	4	3	4	4	2	5	3	2	4	4	2	2					3	5	4	3	3	4	3	
2014-03-11		6320058	24343601W	3	5	5	5	4	1	3	4	4	4	4	5	5	3	3	5	5	3	4	4	5	5	4	3	3	4	5	4	4		4	4	5	5	5	4	4	5	5	4	4	5	4	5
2014-03-11		6754419	20694601W	2	2	2	3	2	2	2	1	2	2	4	3	5	4	5	4	4	1	1	5	3	4	1	2	3	3	5	2	2	5	4	2					4	3	2	2	2	3	5	
2014-03-11		6751960	22176201W	4	5	2	1	2	3	3	5	4	1	4	4	4	4	5	5	1	2	3	4	4	2	5	1	1	3	4	4	1	1	5	5		3		2	3	4	3	2	3	5	3	2
2014-03-11		B1GJZN5	24292401W	4	4	2	4	1	5	5	3	2	4	1	1	3	3	1	1	4	5	4	4	2	5	5	4	5		4		5		1						1	5	3	5	5	1	4	
2014-03-11		B3K4SK8	29050201W	3	1	5	2	5	4	3	1	3	3	3	4	2	3	1	5	1	5	3	2	1	1		2	4	4	1	5	3	2	2	5		3	4	2	1	1	4	4	3	5	2	3
2014-03-11		6991993	21250401W	2	2		2	2	3	2	2	3	2	5	3	4	4	5	3	2	1	2	4	5	3	2	1	5	2	4	3	1	3	5	3					4	4	2	1	3	3	5	
2014-03-11		6338590	10222503W	3	3	2	2	1	4	2	3	2	2	4	5	4	5	5	5	2	3	3	3	3	2	4	2	2	4	5	4	4	2	5	4					4	3	1	2	3	5	5	
2014-03-11		B1XBXB8	28458101W	5	3		3	5	3	5	2	5	1	1	3	2	2	2	1	3	4	5	2	5	3	5	1	4		2		4	1	1	5					1	4	5	5	4	2	2	
2014-03-11		6446459	20684501W	4	2		1	1	5	3	1	2	3	3	3	4	3	3	3	1	3	4	5	5	4	3	3	3	5	5	2	2	2	3						3	5	1	2	3	3	4	
2014-03-11		6551579	20688301W	3	5	1	5	5	5	3	5	2	5	1	1	2	1	2	2	5	2	2	3	3	4	3	5	2		1		3	4	1	4					3	3	4	2	5	1	1	
2014-03-11		6902111	20695401W	1	1			2	3	1	5	5	2	2	4	5	5	1	2	2		2	3	1	1	1	3	4		5		5	1	2						1	1	1	3	1	3	5	
2014-03-11		6917018	20934401W	2	3		1	2	1	1	2	3	2	3	4	5	5	3	2	2	5	2	3	3	4	3	2	5	2	5	3	5	3	4						2	4	1	4	1	3	5	
2014-03-11		6341491	25300701W	2	4	5	4	5	5	3	4	4	4	2	3	3	4	2	4	4	3	2	1	1	1	4	4	3	1	4	1	3	4	2	1		5	4	5	3	1	5	3	4	4	4	5
2014-03-11		6175300	25325801W	4	4	1	4	2	3	3	3	3	4	2	5	5	4	2	5	4	4	3	4	4	4	4	4	3	4	3	4	2	3	4	3					4	5	4	4	4	5	4	
2014-03-11		6681249	27009801W	2	1	3	3	1	1	3	5	4	1	5	3	3	3	5	3	2	2	2	3	3	4	5	1	5	3	4	3	3	3	5	3					4	4	1	2	3	3	4	
2014-03-11		6671518	27011001W	3	5	3	5	4	5	1	3	3	4	1	5	4	2	3	3	4	4	3	4	4	2	4	5	1		2		5	4	5	3			1		5	4	5	5	4	4	2	1
2014-03-11		6097608	23216301W	2	1	2	2	2	1	3	4	3	2	5	2	1	1	3	4	1	1	1	2	2	3		1	1		3		1	2	5	5					4	1	1	1	3	3	1	
2014-03-11		B09G536	27319601W	3	1	1	1	4	3	4	1	3	2	3	1	3	5		3	1	1	3	1	1	2	1	4			4	1	1	1	3						2	1	1	1	2	2	4	
2014-03-11		6915120	10070001W	3	3	5	3	5	5	3	5	2	5	4	5	5	5	5	5	4	4	1	3	2	1	2	3	3	3	5	3	4	4	5	1		3		2	5	2	5	3	4	5	5	2
2014-03-11		6377515	10159201W	5	4	1	3	4	2	5	2	4	4	3	2	1	1	3	1	3	4	5	2	2	5		3	5		1		5		3						4	3	3	5	3	1	1	
2014-03-11		6246176	20342601W	4	5	2	5	2	4	4	5	2	3	5	1	2	3		1	5	5	4	5	5	4	5	5		5	1	2	1		3						5	5	5	3	5	1	2	
2014-03-11		B02PY00	20809505W	2	1	4	2	3	1	1	2	5	2	4	5	5	5	4	5	2	3	3	3	3	3	3	3	4	4	4	2	4	3	4	4					4	4	2	2	2	5	5	
2014-03-11		6811507	20809601W	3	2		1	2	5	1	3	2	3	3	3	5	5	5	1	1		3	3	3	4	3	3	5	5	5	3	4	2	4	4					5	4	2	2	4	2	5	
2014-03-11		B14SLY7	27758701W	3	4		5	2	4	3	5	1	1	5	3	1	1	2	4	4	1	1	5	5	3	2	1	1	3	1	4	1	4	5	4					3	4	4	1	5	3	1	
2014-03-11		6535904	27095501W	3	4	4	2	5	5	1	1	4	5	1	4	2	1	2	2	3	4	3	2	2	1	1	5	3		2		5	3	5						4	1	4	5	2	3	2	
2014-03-11		6168924	24266901W	4	4	1	2	2	3	4	3	4	5	1	2	2	2	1	2	3	5	4	4	4	3	5	5	5		2		3	3	5						4	5	1	3	3	2	2	
2014-03-11		6211248	24610101W	4	5	2	5	2	2	4	3	2	3	5	2	4	3	5	4	4	1	4	4	4	2	4	2		4	4	1	1	3	5	3					5	4	4	1	4	3	4	
2014-03-11		6287368	24611701W	4	1	2	3	5	4	2	2	2	1	1	2	2	1	1	3	5	4	1	5	1	4		1	2		1		3	3	1	5					1	4	3	3	3	3	1	
2014-03-11		6129114	24277301W	5	3	5	2	5	2	5	4	3	5	1	2	3	1	4	2	2	4	5	1	2	3	5	5	4		2		4	5	1						3	2	5	5	5	2	2	
2014-03-11		6150095	24277501W	2	2	5	1	2	4	3	4	3	1	4	4	5	4	5	5	1	2	2	1	1	2	3	2	2	1	5	4	2	5	5	1		3	5	2	4	1	2	2	4	5	4	4
2014-03-11		6264888	24285901W	1	1	1	1	4	1	1	1	2	5	1	3	1	2	1	2	1	5	1	1	1	3	2	5	1		1		5	5	1						2	1	1	2	1	3	1	
2014-03-11		6263681	24287701W	2	2		3	2	3	4	2	5	4	3	3	4	4	4	4	5	4	4	5	2	5		4	1		4		3	4	4	3					4	5	2	5	4	4	3	
2014-03-11		B1FDC37	27916101W	3	4	4	5	1	5	2	5	1	4	2	3	3	3	4	3	5	3	1	4	4	4	2	4	2	4	2	2	4	5	2	1					3	4	4	1	5	3	2	
2014-03-11		6306371	20681501W	5	5	3	5	1	1	5	4	5	5	3	1	1	1	3	1	5	5	5	3	3	5		5			1		3		1	4					4					1	1	
2014-03-11		6004954	24343501W	5	4	5	4	2	3	5	5	1	5	1	1	1	1	3	4	5	5	5	5	5	3		5	5		1		2	1	1	5					3	5	5	5	5	3	1	
2014-03-11		6494878	20686301W	2	2	5	2	1	5	3	2	2	3	4	3	5	3	3	4	1	3	1	1	1	1	2	3	3	2	5	4	3	2	3	3					3	1	2	2	3	4	4	
2014-03-11		6868547	20693901W	4	4	1	4	2	2	4	2	1	4	1	1	1	1		2	4	5	5	4	4	4	5	2		5	2	4	1		1						1	5	3	3	2	1	1	
2014-03-11		6517366	25297901W	4	5	2	5	2	4	4	2	2	4	2	3	4	3	1	4	5	4	3	5	5	4	3	3	3	5	4	5	2	2	2	4					1	5	4	4	4	4	4	
2014-03-11		6529123	25301301W	5	5	2	5	5	2	5	1	3	5	1	2	1	1	2	2	4	5	5	5	5	4		5	5		1		1	1	1						3	5	5	5	1	2	2	
2014-03-11		6740720	27010401W	1	1		1	4	1	1	2	5	1	5	4	3	4	4	2	2	2	2	2	2	1	1	1	4	2	3	5	4	5	4	1	3	1			3	1	1	3	1	4	4	1
2014-03-11		6723884	27013101W	3	1	2	2	5	2	4	1	1	2	2	1	2	3	3	2	1	1	2	2	1	2	3	1		3	3	3	1		5			3		2	2	2	3	1	1	2	2	2
2014-03-11		6698744	20365301W	2	1	4	2	4	4	3	1	3	3	4	3	5	4	5	4	1	1	1	3	2	4	1	2	5	3	5	3	2	2	3	2					4	2	2	1	2	4	5	
2014-03-11		6096973	23212301W	4	4		4	1	2	4	4	1	2	3	3	2	2	3	4	4	3	4	1	3	3		3	2	5	5	3	1	2	1						2	4	3	2	3	3	3	
2014-03-11		B23SH36	28590301W	3	2		1	2	4	2	2	1	4	3	1	3	1	3	2	1	5	1	1	1	4	2	4	2	3	3	3	5		1						3	2	1	2	3	2	2	
2014-03-11		B0KD224	27516801W	2	4	5	4	2	3	3	5	1	3	1	3	2	3	5	5	5	1	1	3	3	2	2	2	1		1		1	4	1	2					1	2	4	1	4	4	1	
2014-03-11		B2QPBL0	28909701W	4	3	2	2	2	4	4	3	1	3	2	1	2	2	5	4	1	1	5	3	3	5	4	3	3		3		1	5	5	5					4	5	3	1	5	2	2	
2014-03-11		B0D6V23	27395501W	4	3	2	3	4	4	3	3	1	4	5	1	1	2		1	3	1	2	4	4	2	1	3			3		2		3						5	2	3	2	4	1	2	
2014-03-11		6359524	24827801W	2	1		1	2	2	2	2	3	1	1	2	4	2	2	2	1	5	1	2	2	5	1	2	5	1	3	4	5		4						1	2	1	4	1	2	4	
2014-03-11		B17NLV6	10034001W	3	4	4	4	1	5	2	1	4		3	5	1	5	3	5	3	2	2	4	4	2	2	5		1	1	2	3	4	3		2	3	1	4	4	2	4	3	3	5	2	1
2014-03-11		6811734	10071301W	3	2	2	3	4	1	3	2	3	4	5	5	5	4	5	5	3	1	3	3	3	3	1	3	4	5	4	4	2	2	4	2	2	1	3	3	5	3	3	3	1	5	5	2
2014-03-11		6234988	10159101W	4	3	3	3	4	1	2	3	2	2	4	5	5	5	4	3	3	3	4	4	3	4	3	2	4		5	2	4	3	4	3					4	3	4	3	1	4	5	
2014-03-11		6357283	20233301W	4	2	1	2	2	4	5	2	2	1	1	1	2	2		1	1	3	4	3	3	4	5	3		5	2	5	3		3						1	5	2	4	5	1	1	
2014-03-11		B1479R3	27758801W	5	4	2	4	2	4	5	3	1	4	4	1	1	1	4	3	4	5	5	2	2	1		5	3		2		2		5						5	1	4	4	4	2	1	
2014-03-11		B00SLB1	27079901W										2	3		5	5										3			5				3				2		2						5	2
2014-03-11		6153191	24609801W	1	1	2	2	2	1	2	1	4	1	3	3	4	5	2	3	1	1	2	1	1	2	1	2	4	3	5	2	3	1	1	2					1	1	1	2	1	3	5	
2014-03-11		6241546	24611801W	3	4	3	4	3	3	3	3	3	5	1	4	4	2	2	4	4	3	3	5	5	3	3	5	4	3	1	5	2	5	5	2					4	5	5	4	4	4	3	
2014-03-11		6234977	24612301W	4	3	3	2	4	4	3	4	1	2	1	2	3	3	2	3	2	3	3	1	1	1	4	3	2	4	3	2	2	2	1	5					1	2	4	2	5	3	3	
2014-03-11		B3CMQH3	28961401W	5	5	4	5	5	5	5	4	5	5	1	1	1	1	3	1	5	5	5	5	5	1		5	2		1		5	5	1	3					3	5	5	5	5	1	1	
2014-03-11		B39XYS6	28963301W	2	3		3	5	1	2	4	3	1	4	3	3	3	4	3	3	1	1	4	4	2	1	1		3	4	1	2	5	2	2					1	3	2	1	2	3	4	
2014-03-11		BGLP2R6	28963501W	5	5	5	2	2	3	5	2	5	1	1	2	1	1	1	1	5	5	5	5	5	5	5	1	1		1		3	1	1	5					1	5	5	5	3	1	1	
2014-03-11		B1CNDB5	27113301W	1	1	5	3	4	1	2	1	5	2	2	5	5	5	1	5	3	3	3	4	4	3	2	3	5	1	5	2	4	4	2	3	5	4	4	4	1	2	2	3	1	5	5	5
2014-03-11		6677174	25985801W	1	3	4		4	1	1	4	2	4	4	5	4	5	4	4	2		1	3	3	4	1	4	5	1	5	1	5	5	2	1	5	3	1	1	4	2	3	1	1	5	5	2
2014-03-11		6698766	20678101W	3	3	2	3	2	1	2	1	5	1	5	2	1	1	5	1	3	4	3	3	3	3		1	3		1		5	3	5	3					4	2	2	5	1	1	1	
2014-03-11		6358275	01847202W	5	5		5	5	4	5	5	2	5	2	2	2	4	1	2	5	5	5	5	5	1		5	5		5		1	5	1	5					2	4	5	4	5	2	5	
2014-03-11		6472119	10042403W	1	3	4	2	5	3	3	3	4	4	5	5	4	4	5	5	1	3	2	2	2	3	3	3	4	3	4	4	3	2	5	2	3	5	2	5	5	2	3	3	2	5	4	4
2014-03-11		6786735	10083001W	3	3	5	1	2	5	2	3	3	2	3	5	5	4	4	5	1	4	3	2	2	4	2	2	2	5	5	4	5	2	4	2					3	3	3	4	3	5	5	
2014-03-11		B0111G4	27100301W	5	4	2	4	5	2	5	1	5	2	5	4	2	3	5	2	4	5	4	4	4	4		2	2		3		4	3	5	5					5	5	5	5	3	3	3	
2014-03-11		B17KMY7	27818701W	2	3	5	1	2	5	2	5	2	5	3	5	5	4	2	5	2	2	1	3	4	3	3	4	1	3	4	5	4	3	4	3	3	4	1	4	4	4	3	1	5	5	3	3
2014-03-11		6267702	24583801W	2	3	1	2	2	2	2	4	1	3	2	2	4	3	2	3	2	1	1	3	3	4	1	2	1	4	4	4	1	3	3	1					2	2	1	1	2	3	3	
2014-03-11		6180304	24269701W	4	3	3	3	2	5	4	4	4	2	2	2	3	3	4	2	3	4	4	3	2	4	5	2	3		3		3	3	5						3	4	4	5	5	2	3	
2014-03-11		B3DLFH2	29001001W	5	5	3	5	2	4	5	4	3	3	4	1	1	2	5	2	5	4	5	5	5	2		1	4		2		2		5						5	4	5	5	5	1	2	
2014-03-11		6867685	22015001W	3	2		2	3	2	2	5	4	2	5	4	4	4	4	3	2	2	3	5	5	1	1	2	5	1	4	5	3	5	4	1					4	2	2	4	3	3	5	
2014-03-11		6713647	25967901W	4	3	1	3	2	4	4	5	2	5	5	1	3	3	5	2	4	3	4	5	4	1	4	4	4		2		2	1	5	4					5	3	2	2	4	1	3	
2014-03-11		B1VT035	28437501W	1	5	2	5	2	2	1	3	4	1	2	5	4	4	1	5	5	2	1	5	5	5	3	1	1	1	4	2	3	5	1	1	5	1	3	1	1	4	3	3	2	5	4	3
2014-03-11		6253206	20680701W	2	2	1	3	1	1	1	3	4	4	1	3	4	3	1	2	4	2	2	5	5	5	3	5	4	3	1	1	3	1	2	5					2	5	1	3	1	2	3	
2014-03-11		6701932	20690001W	3	1	2	2	4	3	3	1	1	1	3	3	4	3	2	4	1	1	2	2	2	2	1	1	1	4	2	2	1	2	2	3					1	2	2	1	2	4	2	
2014-03-11		6740407	26072101W	3	5	4	5	5	1	1	3	4	1	5	5	2	3	5	3	3	4	3	4	4	1	2	1	4		1		5		5	3	1				3	2	4	4	1	4	2	3
2014-03-11		6235000	01556501W	2	3	2	3	1	4	3	4	4	2	4	5	5	5	5	5	3	2	2	3	3	4	3	2	4	2	5	3	2		4		5	3	2	2	4	3	1	2	5	5	5	3
2014-03-11		B08X163	01977401W	1	1	4	2	1	2	2	4	4	2	4	5	5	5	3	5	2	2	2	1	1	2	2	2	3	2	5	3	3	3	3	2	4	4	2	4	2	1	1	3	2	5	5	4
2014-03-11		6180274	10118003W	1	1	2	3	3	2	3	1	5	4	3	5	5	5	4	5	3	3	3	3	3	2	2	5	5	1	3	3	3	4	3	1	3	4	3	4	5	2	1	4	1	5	5	4
2014-03-11		6560713	10118203W	2	2	3	2	4	2	2	2	4	2	4	5	5	5	5	5	2	3	3	2	2	4	1	3	2	5	5	2	4		4			5	5	5	4	3	2	3	1	5	5	5
2014-03-11		B0149C5	27041301W	4	4	5	4	2	1	4	3	2	3	1	2	3	1	1	2	5	3	4	4	4	2		4	5		3		4	1	1	5					1	4	5	4	3	2	3	
2014-03-11		B142GK0	27757801W	4	1	4	1	2	1	4	1	2	4	4	2	2	1	3	3	1	2	4	1	1	2	4	4	5		3		1	2	1						4	1	2	1	1	3	3	
2014-03-11		B039445	27112401W	1	4	1	4	2	3	2	1	5	4	5	5	4	3	5	5	3	3	3	4	5	1	2	3	3	5	3	5	4	1	5		2	3	3	2	5	3	3	5	1	5	4	3
2014-03-11		6687968	25967801W	4	4	3	4	2	5	4	3	1	3	3	2	4	5	4	2	5	3	4	5	5	5	4	2	4	4	5	3	2		3						3	5	5	4	5	2	5	
2014-03-11		6726980	25977801W	2	5		5	4	2	4	5	2	2	4	2	3	2	2	5	5	3	1	3	4	3	2	2	3	2	4	1	1	4	4	1					3	2	5	2	3	4	3	
2014-03-11		6917386	10206901W	4	4		4	4	4	3	5	4	4	4	4	3	2	3	2	4	4	4	5	3	4	4	4	4	5	4	5	4	4	5	2					5	5	5	5	4	3	3	
2014-03-11		B1FPZN4	27942101W																																												
2014-03-11		6199355	24343401W	2	2	3	1	1	5	1	2	3	2	5	5	5	4	4	4	1	3	2	2	2	1	3	2	1	2	5	4	5	2	2			3	1	2	3	1	1	2	1	5	4	2
2014-03-11		6274456	23905601W	3	1	5	3	3	1	3	4	4	5	2	5	5	5	1	5	5	2	4	5	4	3	4	5	5	3	2	4	3	5	3	5	5	3	5	4	3	4	4	5	5	5	5	4
2014-03-11		6535313	25305801W	1	1		3	5	3	1	4	4	5	2	5	2	4	2	3	5	4	1	3	1	2	2	5	1		3		5		1						3	2	2	4	3	4	2	
2014-03-11		6538378	25311801W	2	2	3	2	2	4	3	4	3	2	2	4	3	5		4	2	2	1	1	1	3	3	3	5	2	5	4	2	2	3	2					2	1	1	1	3	4	5	
2014-03-11		B012899	10002501W	2	2	4	1	4	1	1	3	4	3	4	5	5	5	5	5	2	3	3	3	3	5	3	3	4	3	4	3	5	4	4	3	5	3	2	3	5	4	2	3	2	5	5	4
2014-03-11		6209577	10078402W	5	3	1	4	2	3	4	1	2	3	1	4	5	5	1	4	4	2	5	3	4	1	5	3	4	5	3	4	1	1	2	3					1	4	4	3	2	4	5	
2014-03-11		6204873	10160801W	3	4			2	4	1	2	3	4	2	4	5	4	2	1	3	4	3	4	4	5	2	4	3	5	5	3	4	2	3						3	5	4	4	2	3	5	
2014-03-11		6811767	20809101W	3	5	1	5	4	5	1	4	2	2	3	5	5	5	4	4	5		3	5	5	2	3	2	4	5	5	2	2	5	4	4	3	3	2	2	4	5	5	2	5	4	5	2
2014-03-11		B010QY4	27052401W	4	1		1	2	1	4	5	3	2	1	2	2	3		3	1	1	4	2	2	3		2			2	2	1	2	3	1					1	2	1	1	2	2	2	
2014-03-11		6207076	20990901W	1	1	3	1	4	1	2	2	5	1	4	5	4	4	5	5	1	2	2	1	1	3	3	1	4	1	4	3	3	5	4	2		3	2	2	4	1	1	2	2	5	5	3
2014-03-11		B1FMSL4	20086001W	2	4	4	1	2	5	1	5	4	4	2	5	5	4	2	4	3	2	2	5	5	2	2	4	4	2	3	5	4	4	3	4					3	4	2	3	5	5	5	
2014-03-11		B01BTK4	27067101W	5	4	4	4	5	5	5	5	5	1	5	4	1	2	3	1	3	4	4	1	1	1		1	1		1		5	3	4						3	1	5	5	5	2	1	
2014-03-11		B12S440	27098501W	2	2	3	3	2	2	3	3	4	1	3	3	3	2	1	3	5	2	2	5	3	4	1	2	2	3	2	3	2	5	4	3					2	3	1	1	3	3	2	
2014-03-11		6334479	24583401W	4	5	2	5	5	1	2	1	4	5	1	1	1	1	2		5	1	4	3	4	1		5	5		1		5		1						3	2	5	5	1	1	1	
2014-03-11		B3BDL94	28920501W	2	3	2	1	4	2	1	1	2	5	2	4	3	3	1	3	2	5	1	3	2	3	1	4	3		5		3	5	1	5					2	1	3	2	3	3	4	
2014-03-11		6143998	24265701W	1	1	1	1	1	3	1	1	4	5	3	4	3	4	2	4	1	1	1	1	1	4	1	5	2	1	1	1	2	2	2	3	3	5	1	5	3	1	1	1	1	4	2	4
2014-03-11		6884747	24608001W	2	5	1	5	2	4	3	5	3	5	5	2	1	2	4	4	4	3	2	4	4	2	4	3	2	3	2	3	2		1						5	3	3	2	5	3	2	
2014-03-11		6186249	24609401W	4	3	4	1	1	5	3	3	1	1	2	3	1	4	4	1	1	2	4	2	2	3	5	1	2		1		4		1	4					1	4	1	1	4	2	2	
2014-03-11		6916844	01979901W	2	3	3	2	3	4	1	3	2	4	4	5	5	4	5	5	2	3	1	3	3	4	2	3	3	2	4	4	5	3	4	1	3	3	1	2	5	3	2	2	1	5	4	1
2014-03-11		6465647	10033301W	4	3		2	3	2	4	2	2	5	2	2	2	1	5	3	2	4	5	4	4	4		4	5		4		5		2						4	5	3	4	2	3	3	
2014-03-11		6853521	10069501W	2	3	3	3	5	3	2	3	3	3	3	5	5	5	3	5	3	3	2	1	2	5	5	4	5	2	5	5	4	1	3	3					4	3	4	4	1	5	5	
2014-03-11		6423582	20305601W	5	5	3	5	4	1	5	1	4	5	5	2	1	1	5	1	4	5	5	1	1	1		3	1		2		4	1	5						5	1	5	5	1	1	1	
2014-03-11		6461292	20330601W	1	4		4	4	1	2	5	5	4	3	3	4	3	2	1	3	4	3	4	4	3	1	3	1		4		4	1	3	2					3	3	4	4	1	2	3	
2014-03-11		B7YHM21	20332001W	5	4	1	5	5	2	5	3	1	2	3	1	1	5		1	1	5	5	2	2	1		1	3		5		4		3						1	1	5	4	4	1	4	
2014-03-11		6932390	20948801W	5	4	2	4	1	1	5	1	5	2	3	2	1	5		2	3	5	5	1	1	1	5	3			2		2		3						2	1	3	5	2	2	3	
2014-03-11		B01SM51	27079601W	4	2	3	1	2	4	4	3	3	1	4	3	3	4	5	4	1	4	3	1	1	3	4	1	5		1		2	2	5	3					4	2	2	1	4	3	3	
2014-03-11		6298188	22219101W	3	1	2	3	2	2	3	2	3	5	3	4	5	5	2	5	3	2	3	4	4	2	4	4	4		2	1	3	2	4	4		3		2	4	4	2	2	2	5	4	2
2014-03-11		B01GSL3	27100001W	2	4	1	4	5	1	3	3	5	4	5	1	1	1	4	1	4	3	3	1	1	4		2	2		2		3	5	5	4					5	1	4	4	3	1	1	
2014-03-11		B1HMK94	28233401W	2	2			4	2	1	3	2	2	1	3	5	3	1	2	1	1	1	2	2	1	1	3	1	4	4	1	2		4						2					2	3	
2014-03-11		6315366	24575101W	3	1	3	1	2	1	3	1	2	3	5	1	3	3	5	2	4	5	4	1	1	3		2	5		5		5		5						5	1	1	5	1	2	5	
2014-03-11		6286224	24608101W	5	3		3	2	4	5	2	3	1	4	2	2	4	4	1	3	4	4	4	4	3	5	1	2	5	3	5	3	4	4	4					2	5	4	4	5	1	2	
2014-03-11		6127884	24274701W	2	2	4	1	5	4	3	2	5	1	4	3	1	2	4	2	2	4	3	4	5	1		1	5		1		4		3						1	3	3	4	2	2	2	
2014-03-11		6205133	10198101W	1	1	3	3	3	2	2	4	5	3	3	5	5	5	1	5	3	3	3	1	1	2	2	3	1	2	4	3	3	5	2	3	3	5	2	5	2	1	2	4	3	5	4	4
2014-03-11		B0F9V20	01575301W	2	5	4	5	3	3	1	2	4	3	4	5	5	5	3	5	5		2	4	4	5	3	3	3	3	3	3	5		2	2	4	3	3	1	3	5	5	5	1	5	5	3
2014-03-11		B1VQ5C0	10007601W	1	3	5	4	4	5	2	2	4	3	4	5	5	5	5	5	3	3	2	3	3	4	3	3	2	2	4	2	4	4	4	3	5	4	1	4	5	3	4	4	3	5	5	4
2014-03-11		6916781	01567901W	2	5	4	5	3	3	1	1	4	2	4	5	5	5	4	5	5		2	1	1	3	2	3	3	2	5	3	5		3	1	4	1	4	1	3	2	4	5	1	5	5	2
2014-03-11		6623616	10030802W	1	3	2	4	3	3	1	3	3	2	5	5	5	4	5	4	3	2	1	3	3	2	1	1	4	1	2	1	2	1	4	2					4	2	3	2	1	5	4	
2014-03-11		6440149	10159401W	4	3	3	2	2	1	1	3	2	2	5	4	4	4	5	2	3	4	3	3	3	5	3	2	4	5	5	5	5	3	5	3					5	4	3	3	1	3	5	
2014-03-11		6650960	15788201W	4	4	3	1	2	4	4	4	1	3	4	3	2	2	5	4	3	2	4	4	4	4	4	2	5		4		2	2	5	3					5	4	3	2	4	4	3	
2014-03-11		6382467	10453901W	5	2	2	2	2	2	5	2	1	5	4	3	4	3	4	5	1	1	5	3	3	3	5	5	3	5	1	3	1	1	2	5					5	5	3	1	4	4	3	
2014-03-11		B1YMWK2	20316001W	4	4	2	2	2	4	4	3	1	5	5	2	1	1	4	3	3	1	3	2	3	4	4	2	2		1		1	2	5	4					5	3	3	1	4	2	1	
2014-03-11		6440473	20317801W	2	2		1	2	4	2	3	4	3	3	4	5	5	4	5	1	1	1	1	1	2	2	3	4	2	5	3	2	3	2	1					4	1	1	1	2	5	5	
2014-03-11		6111489	20079601W	3	3	3	2	2	1	1	2	2	2	3	4	5	5	4	4	2	3	2	2	2	2	1	2	4	3	5	5	4	3	2						2	1	2	3	1	4	5	
2014-03-11		B02PY11	20809506W	2	1	4	2	3	1	1	2	5	3	4	5	5	5	4	5	2	3	3	3	3	3	3	3	4	4	4	2	4	3	4	4					4	4	2	3	2	5	5	
2014-03-11		6427379	22208901W	1	1	3	3	5	1	3	5	5	5	1	2	2	2	2	3	3	4	2	1	1	1	4	5	5		2		1		3						3	1	2	1	4	3	3	
2014-03-11		B02TDT4	27099601W	3	3	1	2	1	4	4	2	3	4	4	1	2	2	3	2	2	3	3	1	1	3	1	3	5	5	2	5	2		1						3	1	1	3	4	2	3	
2014-03-11		6158129	24257901W	5	4	2	4	2	5	5	1	1	4	1	2	3	2	1	3	4	5	5	2	3	1	5	4	3	5	2	3	2		1			3		2	2	4	3	5	4	2	2	2
2014-03-11		6262387	24612201W	5	4	2	4	1	5	5	1	4	5	2	3	2	2	1	1	4	5	5	5	5	5	5	5	2		3		5	3	1	5					2	5	3	5	4	2	2	
2014-03-11		6221173	24287301W	2	1	2	2	3	3	3	2	3	3	2	2	2	2	4	3	2	2	2	3	2	3	2	2	5	3	3	3	1	2	5	3					4	2	2	2	2	2	3	
2014-03-11		6213664	24293301W	1	1		4	2	2	2	2	5	2	4	4	4	5	5	4	3	2	2	4	1	2	2	1	4	4	5	1	3	4	4	1	2	3		2	3	2	1	3	1	4	5	1
2014-03-11		6773470	20877401W	4	3		4	1	2	5	1	1	3	2	3	4	3	4	2	5	5	4	1	1	1		3	5		5	3	3	4	2						2	1	3	4	3	2	5	
2014-03-11		B1FPR27	27933901W	4	1		2	2	2	4	2	1	1	1	2	1	1	3	4	1	2	4	2	2	3	4	2	3		1		1	1	3	5					1	3	2	1	3	3	1	
2014-03-11		6193926	24342401W	2	5	5	5	1	5	2	4	3	3	5	4	5	5	4	4	5	4	1	5	5	5	3	2	1	2	5	1	4	4	4	3		3		2	4	5	4	3	4	5	4	2
2014-03-11		6692694	26043801W	1	1	2	1	4	2	3	1	5	2	3	4	4	5	3	4	2	2	2	4	4	2	2	2	4	1	5	2	2	4	4	1			2		2	3	1	2	1	4	5	2
2014-03-11		6740805	26074201W	3	2		1	4	2	3	3	1	4	5	1	2	1		1	1	1	2	3	3	1	4	2		1	3	3	1	3	3	3					4	2	2	2	2	1	2	
2014-03-11		B1G2XT6	25299601W	3	3	4	3	2	1	2	2	1	4	4	4	4	4	3	3	3	5	2	2	2	3	5	3	4	5	5	4	4	3	3				5		4	3	3	3	1	4	5	5
2014-03-11		B00H936	27012501W	4	5		5	2	4	4	5	5	5	1	2	1	1	3	1	5	2	4	5	5	4		5	5		1		3	5	1						3	5	5	5	5	1	1	
2014-03-11		6140847	23206501W	4	5		5	5	3	4	4	1	5	1	1	1	1	1	1	4	5	4	1	4	2		5			2		2	4	1	5					2	2	5	4	5	1	1	
2014-03-11		B0Q2LP1	27454101W	5	4	3	4	2	2	5	1	1	3	5	1	1	1	4	1	5	5	5	5	3	5	5	1	5		1		4		1						3	5	4	5	4	1	2	
2014-03-11		B1G16Z0	28156701W	1	1		2	4	3	2	3	5	1	5	4	4	4	5	3	2	2	2	2	2	3	1	1	5	2	4	3	4	3	5	1	2	5	1	5	4	1	2	4	1	4	5	3
2014-03-11		B95V5B6	28592001W	3	3	4	3	2	1	2	1	1	3	3	3	3	4	2	3	5	2	2	4	2	3	1	4	1	4	5	3	3	2	2	4					3	3	3	2	2	3	4	
2014-03-11		BFD3S28	27496601W	1	1			4	1	5	5	5	5	2	2	2	1	1	1	3	5	4	1	1			5	2		2		5		1						2	1	1	5	5	1	1	
2014-03-11		B03WBC1	27879801W	1	1		3	2	2	2	4	5	1	2	3	3	5		3	2	3	2	3	1	3	1	1	1	1	5	5	3	4	3	1					1	1	1	3	3	3	4	
2014-03-11		6294380	20287102W	3	5		5	2	1	1	3	3	3	3	5	5	5	4	4	4		2	3	3	1	1	3	4	4	5	2	4	4	3	4					4	2	4	3	3	5	5	
2014-03-11		6113634	20677901W	4	1	4	3	3	2	4	2	1	4	2	3	3	3	2	5	3	2	4	1	2	3	4	4	1	2	3	2	2	2	3	3		3	2	2	3	2	3	2	2	4	2	2
2014-03-11		6307006	20681001W	5	4	4	4	4	2	5	4	1	4	2	4	3	2	1	2	4	4	5	2	2	5		4	3		3		4	2	2						2	3	5	4	4	3	3	
2014-03-11		B01CLC3	20689702W	3	2	5	2	4	2	4	3	3	4	5	5	4	3	5	5	2	2	3	3	3	2	4	2	2	4	3	5	1	3	5	5	3	4	4	4	5	3	4	3	4	5	3	4
2014-03-11		6280334	24344701W	1	1	1	1	1	3	2	1	5	1	4	5	5	3	4	5	2	3	3	3	3	5	2	1	1	1	4	4	4	2	5	1	1	3	3	3	3	2	1	4	1	5	4	3
2014-03-11		6254094	24158301W	5	2	2	2	3	3	4	2	4	3	2	2	2	4	3	3	2	2	4	2	1	4	5	3	3	5	3	5	2	2	3	3					3	4	3	4	3	3	3	
2014-03-11		B1GF2L0	28143001W	5	4	2	4	1	2	5	2	1	4	5	1	2	1	5	2	4	5	5	3	5	3	5	3			1		2	2	5						5	5	4	4	2	1	1	
2014-03-11		6675112	25766202W	5	4	5	4	5	2	4	3	2	5	2	2	3	1	4	4	5	4	5	1	2	1	5	5			3	1	1		5						5	2	5	3	4	3	2	
2014-03-11		B0S6MM5	27551101W	5	5	3	3	2	5	5	2	1	5	1	1	1	1	2	2	5	5	5	5	5	5	5	5	2		1		2	1	1	5					2	5	5	5	5	1	1	
2014-03-11		B2Q8QW5	28866901W	5	1		2	2	2	5	1	2	3	1	1	1	1	1	2	1	3	5	1	1	5		5	2		1		1	1	1	5					1	1	3	2	3	2	1	
2014-03-11		6491909	21175001W	4	2	2	1	1	5	4	2	2	4	3	2	2	2	1	3	1	4	4	1	1	3	2	3	5	5	4	5	3		3						2	2	1	3	4	2	3	
2014-03-11		B2Q7X98	24772901W	2	4		5	4	3	3	5	4	3	2	5	4	4	1	5	4	3	2	5	4	2	3	4	5	1	3	3	2	3	4	1					2	4	5	2	5	5	4	
2014-03-11		B24FFZ4	28684401W	3	3	3	3	5	3	2	5	3	1	1	5	3	3	1	4	3	3	2	3	2	1	1	1	1	5	2	5	3	4	2	2	1	1		1	1	2	3	2	3	5	2	1
2014-03-11		6207582	02577301W	5	5		5	4	3	5	2	3	5	5	4	4	2	4	4	4	1	5	4	4	5	5	4	3	3	4	2	5	1	5	5					5	5	5	4	4	4	4	
2014-03-11		6185514	10023901W	3	3		1	2	3	2	5	2	2	3	4	4	4	4	4	1	1	2	4	4	4	3	3	3	4	5	2	2	2	4	1					4	3	1	2	2	4	5	
2014-03-11		6672823	25829801W	2	1		1	2	3	2	1	2	1	3	2	3	5		3	1	1	1	1	1	3	1	1	2	1	5	3	1		3						1	1	1	1	1	2	4	
2014-03-11		B13ZG99	27750501W	3	3		3	4	1	3	1	4	3	1	3	3	4	2	4	3	3	3	1	1	2	1	5	1		3		2	4	1	2					2	1	3	3	1	4	2	
2014-03-11		B01YSD9	27098301W	3	4	3	3	2	5	2	4	1	4	1	2	4	4	1	3	3	2	2	1	1	2	4	4	3	3	3	5	2	3	3						2	2	3	3	4	2	4	
2014-03-11		B14SLW5	27796301W	4	3	5	2	5	5	3	5	2	3	5	5	3	1	3	5	2	4	4	2	2	1	1	4	1		2		4	5	5	3					5	1	5	4	5	5	1	
2014-03-11		6352040	24595601W	1	4	5	2	2	2	1	4	5	1	3	4	2	2	3	1	3	4	3	4	4	1	1	1	5	1	1	5	5	2	4						2	1	1	4	1	2	2	
2014-03-11		B3B1YC2	28932401W	5	2	5	3	1	1	4	2	4	5	4	4	3	1	3	4	3	4	4	1	1	2	4	5	2	3	4	5	3	2	2	4			1		4	1	3	5	3	4	2	1
2014-03-11		6172583	24271501W	5	4		4	2	3	5	1	1	1	1	1	1	1	2	2	4	5	5	3	3	2		4	5		2		1		1						1	2	4	4	3	1	2	
2014-03-11		6254373	24292101W	3	2		1	2	4	3	2	1	3	2	2	3	3	3	3	1	1	1	1	1	4	3	3	4	4	5	2	1	2	4	2					3	2	1	1	2	2	4	
2014-03-11		6815617	20560901W	2	5	3	4	3	3	4	5	3	2	4	3	5	4	3	5	5	3	2	5	5	3	1	2	4	3	4	2	1	4	4	1	5	1		1	3	4	4	3	4	4	5	1
2014-03-11		B1XFBJ4	28463801W	4	2	1	2	1	4	4	1	2	1	3	1	4	4	3	2	2	2	4	2	3	3	1	1	5		4		2	2	3						1	1	1	1	2	2	5	
2014-03-11		B1XK9W8	28474101W	1	2		3	2	1	2	2	5	1	4	3	3	3	3	2	3	4	3	3	5	1	1	1	4	2	4	3	3		1						1	2	2	4	1	2	4	
2014-03-11		6457365	20685301W	5	5	1	5	2	3	5	1	2	3	1	1	1	2	2	1	5	5	5	5	5	1		5	2		3		1	1	1	5					1	3	5	4	3	1	2	
2014-03-11		B7VGK94	25263101W	2	2	1	1	2	3	2	4	3	1	5	3	4	4	5	3	1	1	2	3	4	2	3	1	2	4	4	1	1	3	4	2					3	3	1	1	2	3	4	
2014-03-11		6313478	24587901W	2	5	1	5	2	2	2	4	3	2	1	3	4	4	1	3	2	3	3	1	1	3	3	4	3	4	4	1	3	5	3						2	2	3	2	3	3	4	
2014-03-11		6180650	24609901W	3	5	1	4	4	4	3	5	2	3	2	3	5	4	2	4	5	2	2	5	5	1	3	4	5	3	5	3	2	5	3	2					2	4	4	2	5	3	5	
2014-03-11		B4QPKK6	24611501W	4	5	1	4	2	5	4	4	2	1	3	1	1	5		2	5	5	2	1	2	1	5	1	3		1		5	4	3	3					1	1	4	5	5	1	2	
2014-03-11		B17KC69	24611601W	2	3	4	3	3	3	3	4	4	3	5	5	5	5	5	5	3	3	2	2	3	4	2	2	3	3	4	4	3	3	4	4	3	1	3	1	5	3	4	3	4	5	4	2
2014-03-11		B0381H4	27118801W	3	4	3	4	2	3	4	5	1	5	3	3	3	5	3	5	5	1	1	5	5	1	1	4	1	4	3	4	1	4	2	4					4	3	4	1	5	4	3	
2014-03-11		B1VNRV4	28412901W	1	1	2	1	4	2	3	3	3	1	4	3	4	3	3	4	1	1	1	3	3	3	2	1	3	2	3	2	1	1	3	2					2	2	1	1	1	4	3	
2014-03-11		B1WMKV1	28466501W	1	5	5	5	4	5	2	5	3	1	2	3	1	4	1	4	5	2	1	5	5	4	1	4	1	1	1	4	4	5	2	3					1	4	5	2	5	4	1	
2014-03-11		B1CWSX9	27941201W	4	1		1	5	3	4	3	1	3	2	1	1	2	3	1	1	5	4	1	1	3	5	4	2		1		5		4						4	2	3	4	4	1	1	
2014-03-11		6856939	20694201W	3	3		2	3	1	1	3	4	1	3	4	4	5	2	1	3	4	3	3	3	1	3	1	5	3	5	5	5	1	3	1					1	2	2	5	1	2	5	
2014-03-11		6987163	20697301W	2	1		1	5	3	1	1	3	5	5	4	3	2	4	3	1	1	2	1	1	3	4	2	1	3	3	3	3	1	3	2					5	2	1	1	1	3	2	
2014-03-11		B77B7W5	25300201W	3	2	1	3	5	4	3	5	1	4	1	2	3	1	1	4	5	1	1	4	4	3	2	5	4	3	1	4	1	3	3	1					2	3	3	2	3	3	2	
2014-03-11		6286172	23969601W	2	2	2	1	3	3	2	3	4	3	4	3	5	3	4	2	2	2	2	4	4	2	2	3	5	4	4	2	3	3	5	3					4	3	1	3	2	3	5	
2014-03-11		6764850	20363201W	3	1		1	2	2	4	2	3	2	4	2	2	1	5	3	1	2	3	4	4	4	2	2	4		2		1	1	2	2					3	4	1	1	1	3	2	
2014-03-11		6070900	23214201W	4	3	5	2	2	2	4	4	1	4	1	3	3	3	3	5	1	3	5	2	3	4	5	4	4	5	4	4	2	2	4	2					3	4	3	2	2	4	4	
2014-03-11		6472960	01633402W	1	3	4	2	1	4	3	3	3	4	5	5	4	3	5	5	1	3	2	2	2	3	3	4	4	3	5	5	3	2	5	2	3	4	1	4	5	2	1	4	2	5	5	3
2014-03-11		6415523	10042501W	3	3		1	4	1	1	3	2	1	2	5	5	5	1	3	2	4	3	3	3	3	3	2	4	4	4	4	5	3	1	3		1		1	1	4	3	3	1	4	5	1
2014-03-11		6564522	10042601W	3	5	3	5	2	5	1	5	2	4	4	5	5	5	5	3	5	4	3	5	5	5	4	4	3		4	2	5	4	4	2			1		5	5	5	4	4	4	5	1
2014-03-11		6211237	10087001W	3	3	3	1	2	5	1	3	2	3	3	5	5	5	3	4	2	4	2	1	1	3	3	3	3	4	5	4	4	4	4	1					4	2	2	2	3	4	5	
2014-03-11		B0WCDT3	20099301W	3	4	5	5	1	4	4	1	4	4	3	5	5	5	2	5	4	3	4	1	2	5	4	4	2	5	4	5	3	3	4	4	5	3	5	2	4	4	5	5	4	5	4	4
2014-03-11		B05HDV7	15535901W	3	2	3	2	1	4	4	2	2	4	3	4	4	4	2	5	1	2	3	1	2	3	4	4	2	4	3	3	2	2	2	4					3	3	1	1	2	4	3	
2014-03-11		6358037	20257001W	3	5		5	1	1	1	5	2	3	4	4	5	4	5	2	5		2	5	5	1	2	3	4	4	5	2	4	5	4	1					5	5	4	3	2	3	5	
2014-03-11		BFG3654	20093401W	4	5	1	4	2	4	4	4	1	5	1	1	1	3	2	2	5	5	4	5	4	2	4	5	5		3		5	4	1	2					3	4	3	5	5	1	3	
2014-03-11		B8GN1Y9	27782901W	1	3	3	3	1	2	1	5	4	4	5	3	3	3	5	2	3	2	1	3	5	1	1	1		1	2	4	4	4	5						5	2	2	3	3	3	3	
2014-03-11		B7W4116	27098801W	4	2		3	5	4	4	4	1	5	3	2	2	5		3	1	5	5	3	3	5	4	4	2		4		5		3						4	5	4	3	5	3	4	
2014-03-11		B00VGB5	27100801W	2	2	5	5	5	2	2	2	5	1	5	5	3	2	5	4	1	4	4	1	1	4	2	1	3	2	1	5	4	5	5	1		5	3	4	4	1	5	5	1	4	2	5
2014-03-11		6286956	24591901W	2	1	3	1	1	5	3	2	3	2	2	1	2	2	2	2	1	2	2	1	1	1	1	1	4	4	3	1	2		1						1	1	1	1	3	1	2	
2014-03-11		6208585	20861601W	3	3	1	3	1	3	4	4	1	4	2	3	3	2	3	4	3	1	3	4	4	3	5	4	4		3		1	2	4	4					4	5	2	1	4	4	3	
2014-03-11		6691260	25862701W	4	5		4	3	2	4	4	4	1	2	3	1	3	1	4	4	4	3	4	3	4		1	1		3		1	5	3	1					1	4	5	4	3	4	1	
2014-03-11		6197928	10092201W	2	3	4	2	2	5	1	4	4	4	4	5	5	5	4	5	2	3	2	2	3	3	2	4	2	2	4	5	4	3	4	3	4	4	2	3	5	2	2	3	4	5	4	4
2014-03-11		6440183	10162801W	2	3	4	2	4	4	1	4	3	3	4	5	5	5	5	5	2	3	2	4	4	1	2	3	3	2	4	5	4	3	4	1					5	2	3	3	2	5	5	
2014-03-11		6207560	20276001W	3	3	3	3	2	5	1	3	3	2	2	5	4	4	3	3	3	2	2	5	5	5	3	1	2	4	3	2	4	3	4	3	5	4	1	4	2	5	3	3	3	4	3	4
2014-03-11		6674421	25811801W	3	3	5	3	3	4	3	2	2	3	5	5	3	3	4	5	5	4	3	1	1	2	3	2	1	3	1	5	3	3	5	3	1	3	3	3	4	2	3	3	3	5	1	3
2014-03-11		6568438	27100701W	5	5	5	5	5	5	5	1	4	5	1	3	2	2	1	1	5	5	5	5	5	1		5	1		1		5	1	1						2	4	5	5	3	1	1	
2014-03-11		B1MG132	28252501W	1	2	3	3	3	3	3	4	2	1	2	4	2	2	1	5	4	1	1	2	2	1	1	1	2		1		2	4	4	2		1		1	1	1	3	2	3	5	1	1
2014-03-11		6292243	24608901W	1	1	3	1	2	5	1	2	3	3	5	5	5	4	4	5	1	1	1	5	5	4	3	4	3	1	4	1	3	3	3	1			1		5	5	1	1	2	5	4	1
2014-03-11		6272319	24612701W	5	4	2	4	4	4	5	3	1	3	2	2	4	3	2	3	4	1	5	3	3	3	5	3	1	5	4	1	1	2	2	5					2	4	4	2	4	2	3	
2014-03-11		6353366	24632701W	2	2		1	3	4	1	3	4	1	5	4	4	3	5	3	2	2	2	3	3	2	1	1	1	5	3	1	3	2	5	5	4	1		1	4	3	1	2	3	4	3	1
2014-03-11		6269708	24295001W	2	2	5	3	4	3	1	2	5	2	4	5	5	5	5	4	3	3	3	3	2	4	2	1	4	1	5	5	4	4	5	1	2	3	1	1	4	2	3	4	1	5	5	3
2014-03-11		6383244	21252101W	4	3	3	2	1	2	4	5	2	3	5	4	4	2	3	5	2	3	4	2	2	5	4	3	4	5	3	1	2		2						4	4	2	3	3	5	3	
2014-03-11		6354411	20682301W	3	2	1	2	4	2	3	1	1	1	5	3	2	2	5	4	1	1	2	2	1	4		1	1		3		1	1	4	4					4	2	2	1	1	3	2	
2014-03-11		B84PZ12	20683601W	2	1		1	4	3	2	4	3	1	4	2	3	4	5	2	1	1	2	3	3	3	2	1	5	2	3	5	2		5						4	2	1	1	4	2	4	
2014-03-11		B02PD47	20687201W	5	5	1	5	2	5	5	1	4	5	3	2	1	1	3	1	4	5	5	5	5	3	5	4	2		1		3	3	3	5					5	5	5	5	5	1	1	
2014-03-11		6242260	10029601W	1	2	4	2	2	3	3	2	5	5	5	5	4	2	5	5	2	2	2	1	2	3	3	3	2	1	3	3	3	2	5	1	3	4	3	4	5	1	2	2	1	5	3	5
2014-03-11		6916532	10070401W	2	4	3		3	5	1	4	3	3	4	5	5	4	4	5	3	4	2	4	4	4	3	2	4	3	5	5	5	3	3	2		3		2	4	5	3	4	3	5	5	2
2014-03-11		6853468	10070601W	2	5	4	5	3	5	1	5	2	4	3	5	5	5	2	5	5	4	1	4	4	1	2	4	1	2	3	2	5	4	3	2	4	4	1	4	4	3	4	3	4	5	4	3
2014-03-11		6628859	10072001W	4	4	5	4	3	1	4	3	3	4	3	5	5	4	4	5	5	4	4	4	3	4		3	3		4		2	4	5	5	2	5	5	5	5	4	5	5	4	5	5	4
2014-03-11		6189947	10158401W	4	2	3	3	2	2	4	2	1	3	5	2	3	3	4	3	2	1	3	1	2	3	3	2	5	5	4	4	2	2	2	3					4	3	3	1	2	2	4	
2014-03-11		B189FL1	20332701W	5	5	1	5	2	5	5	2	4	1	2	3	3	4	3	2	4	5	5	5	5	5	5	1	2		2		4	1	4	5					1	5	4	5	5	2	3	
2014-03-11		6347110	20809301W	2	4		5	1	1	1	4	2	2	2	4	4	4	5	3	4	1	2	3	3	2	1	2	4	3	4	1	3	2	4	1					3	2	3	1	1	3	4	
2014-03-11		B01XR40	27069401W	5	2	2	3	1	3	5	3	1	2	4	2	4	4	3	3	3	1	5	2	4	2	5	2	3	5	4	2	1	1	1	4					2	4	2	2	3	3	4	
2014-03-11		B0WR7R4	27780101W	5	1	3	1	5	2	4	5	5	1	3	1	1	5	4	1	1	5	4	1	1	5		4			1		2	1	3	4					3	1	3	3	3	1	2	
2014-03-11		B01V2F0	27100501W	1	2	2	2	2	3	3	5	2	1	5	3	1	1		4	1	1	1	2	1	1		1	1		2		1	3	3						1	1	1	1	3	4	1	
2014-03-11		B01KCM4	27100601W	2	4	3	4	3	2	4	5	4	3	4	3	5	3	4	5	3	2	2	4	4	2	1	2	5	5	5	1	1	4	4	4		3		2	4	3	4	2	4	4	5	2
2014-03-11		6105750	22258801W	1	3	4	2	3	2	4	2	2	4	5	4	5	4	5	5	1	1	2	4	4	3	4	4	1	4	4	3	2	2	5				2		5	4	3	1	2	5	3	1
2014-03-11		B02LFD8	24579901W	5	3	3	2	4	1	5	3	2	5	1	2	1	1	1	1	2	5	5	4	4	1	5	5	5		1		5	1	1	2					2	5	4	5	2	1	1	
2014-03-11		6180995	24607701W	3	3	4	3	4	4	2	4	3	4	2	4	3	4	2	4	4	2	2	5	5	2	4	5	1	2	5	2	3	4	3	3	5	3		2	4	4	4	3	4	4	3	4
2014-03-11		6269139	24343801W	5	1	1	1	5	5	5	5	3	2	3	1	1	4		1	1	2	5	1	1	5	4	3	3		5		5		3						3	2	2	3	5	1	3	
2014-03-11		6280129	24345501W	5	5	3	5	5	5	5	1	5	5	2	2	2	2	2	1	5	5	5	4	5	2		3	2		2		5	2	1	5					2	4	5	5	5	1	2	
2014-03-11		6258223	24345601W	3	2	4	3	4	3	3	4	2	5	1	4	4	3	1	5	4	2	2	2	2	4	3	5	3	3	2	1	3	3	3	4	4	5	4	5	3	3	4	2	3	5	3	5
2014-03-11		6094825	23602601W	3	2	5	3	4	1	4	1	3	4	2	4	5	5	1	5	5	2	3	2	4	3	3	4	5	5	4	5	3	4	3	5					2	4	4	4	3	5	5	
2014-03-11		6104144	23893601W	3	3	3	3	4	3	1	4	4	3	3	5	4	3	3	5	3	4	3	4	3	3	2	4	1		4		5		5			5	2	5	5	3	4	4	2	5	3	5
2014-03-11		6732017	27011601W	5	2	1	2	5	1	1	1	4	5	1	1	1	1	1		2		5	4	4	5	5	5	5		1		5		1						2	5	3	5	1	1	2	
2014-03-11		6704726	27013201W	3	2	2	3	2	4	3	3	4	3	5	2	2	1	5	3	3	3	3	2	4	3	3	1	5	4	3	2	2		5			5		5	5	4	2	3	4	3	3	5
2014-03-11		6536929	25598001W	3	4	2	5	4	2	3	4	3	5	2	3	4	3	2	3	4	2	3	1	2	1	4	5	2	4	3	5	2	5	1	4		3	4	2	3	2	4	4	4	3	3	3
2014-03-11		6303866	24190401W	1	1		1	3	1	1	4	5	3	3	5	5	5	3	5	2	3	3	2	1	2	2	3	3	3	4	2	5	1	3	4	3	4	5	5	4	1	1	3	1	5	5	4
2014-03-11		B24HHK9	28611901W	5	3		2	2	4	5	3	1	5	1	2	1	1	4	3	1	5	5	3	4	2	5	4	1		1		5	1	5				5		5	4	3	4	3	2	1	5
2014-03-11		B0648G7	27385101W	1	2		5	2	1	5	1	5	5	1	1	2	2		1	5	5	5	4	5	5		5			2		2		3						4	5	2	5	1	1	1	
2014-03-11		B28SYT6	28715201W	1	1	1	1	1	3	1	2	5	3	5	5	5	5	5	3	3	3	3	5	5	4	2	2	3	2	4	3	5	5	5	1	4	1	5	1	5	4	1	5	2	4	5	3
2014-03-11		6175139	24827901W	5	1	2	5	4	2	5	1	5	1	1	1	1	1	3	1	4	5	5	5	5	1		4	3		2		4	5	3	4					2	5	4	5	4	1	1	
2014-03-11		B249H72	28725501W	1	5		4	2	5	5	2	5	4	2	1	1	1	4	1	3	5	5	1	1	1		3	1		3		5	1	5	5					5	1	2	5	5	1	1	
2014-03-11		B29JDV3	28738701W	3	1		2	2	2	3	1	3	2	5	2	2	1	5	3	1	2	3	2	2	4	2	2	4		1	1	1	1	4	1					4	3	1	1	1	2	2	
2014-03-11		6440116	10163501W	1	2	5	1	3	1	1	3	3	2	5	5	5	4	5	4	1	2	1	3	2	1	1	2	4	3	5	1	4	1	5			3		2	5	1	2	1	1	5	5	2
2014-03-11		6369880	20256401W	3	1	3	2	3	2	4	2	3	1	5	1	1	1	5	3	1	1	3	3	3	1	2	1			1		1	1	5						4	1	2	1	1	2	1	
2014-03-11		6287915	20314101W	1	4	3	5	2	5	1	4	1	2	5	5	5	4	5	4	4	3	1	4	4	1	1	2	1	1	5	4	5	4	4	1					4	2	3	2	2	4	4	
2014-03-11		6811864	20808601W	3	4	1	5	1	5	1	3	2	3	3	4	5	5	4	2	4		3	3	3	3	3	3	4	5	5	2	5	5	4	2					4	5	3	4	5	3	5	
2014-03-11		B168CV9	27810001W	3	4	5	4	1	5	3	4	3	3	5	4	4	3	4	4	4	4	3	4	4	2	2	4	2	4	4	4	4	2	2	1		3		2	4	3	4	4	3	5	3	2
2014-03-11		6179830	24580502W	5	1	3	2	2	2	4	3	1	5	2	5	3	2	5	5	1	1	4	1	1	2	4	4	3	4	3	1	1		1	4					4	2	2	1	4	5	3	
2014-03-11		6174307	24608201W	3	2	3	2	2	3	2	4	2	4	1	4	4	5	1	4	1	1	1	2	2	1	5	4	1	3	3	5	3		4						3	3	2	2	3	4	3	
2014-03-11		6243586	24289401W	2	2	2	1	4	2	2	2	5	2	2	5	5	4	2	5	2	3	3	2	2	2	2	3	4	4	5	3	4	2	4	2	3	5	4	5	2	2	2	4	1	5	5	5
2014-03-11		6243597	24289601W	1	2	1	2	4	1	1	2	5	2	4	5	5	4	4	5	2	4	3	4	4	3	2	3	5	4	5	2	4	3	4	3	4	3	5	2	4	4	1	4	1	5	5	4
2014-03-11		6703961	20856301W	3	3		4	2	2	2	4	2	3	2	1	4	5	2	1	3	1	2	2	2	2	1	4	5	5	5	1	2	3	3	2					2	2	2	1	2	1	5	
2014-03-11		B088VB3	21216102W	2	2	1	2	4	3	3	3	2	1	5	3	3	2	3	4	1	1	1	2	2	2	5	1	3	5	2	4	1	3	5	4					3	4	2	1	4	4	2	
2014-03-11		B6SZHB8	27173501W	5	4	3	4	5	1	5	3	1	5	1	3	1	2	2	3	5	5	5	4	3	4	5	5	5		1		2		1						3	5	5	5	3	3	1	
2014-03-11		6490597	20290801W	1	3		1	2	2	1	3	3	3	5	2	5	4	4	3	2	1	1	2	2	1	1	2	4	1	4	5	1		2						4	1	1	1	2	2	5	
2014-03-11		6342494	20681901W	5	2		2	5	5	5	1	2	4	2	1	1	3	4	1	1	5	5	1	1	2		4	2		1		4		1						3	1	3	4	5	1	1	
2014-03-11		6688091	25976001W	3	4	5	5	1	5	1	5	2	2	3	4	4	2	4	2	4	4	2	3	3	2	4	2	3	3	5	4	5	3	5						3	4	4	3	5	3	4	
2014-03-11		B1W7DT5	28446001W	5	4		4	4	2	5	2	1	5	4	1	2	2		1	5	4	5	5	5	5	5	5	3		1		5	2	3	3			1		5	5	5	5	3	1	1	1
2014-03-11		B1WHG18	28452201W	3	2	5		5	1	1	2	1	3	4	4	5	4	4	4	1	2	1	3	3	2	3	2	4	4	5	1	4	2	5	4					4	3	5	1	1	4	5	
2014-03-11		B1CRLB3	27933001W	2	3	5	1	2	4	2	2	4	1	3	5	4	5		5	2	2	2	1	1	4	3	1	2		4		3		3	2		3	4	1	1	1	1	1	1	5	4	2
2014-03-11		B1CRLF7	27936301W	5	1		1	1	3	5	1	4	5	1	1	2	1	3	2	1	5	5	1	1	4	4	5	5		1		1	1	3	4					4	2	1	3	2	2	2	
2014-03-11		6346184	20682201W	1	4	5	4	4	1	1	3	3	1	2	4	4	5	2	4	5	4	1	4	3	5	2	2	4	2	4	2	4	5	2	1					1	3	4	4	2	4	4	
2014-03-11		6630025	27010901W	1	1	5	3	4	1	3	2	5	2	4	4	4	4	5	5	4	2	3	2	2	4	2	2	2	2	5	5	2	5	5	2			5		4	2	3	4	2	5	4	5
2014-03-11		B8HPJ17	27011701W	5	5		5	5	4	5	5	4	1	5	3	2	1	2	3	4	4	5	5	5	5	5	1	5		1		3		1						1	5	5	5	5	3	2	
2014-03-11		6740452	27013301W	5	3	1	2	5	5	4	1	1	2	1	1	1	1	3	2	1	5	5	1	1	1		5	1		3		2		1						1	1	3	3	4	1	1	
2014-03-11		6383181	23387902W	1	5		5	2	2	2	1	5	5	5	2	1	1	5	1	3	5	3	4	4	1		3	3		2		4	1	5	4					5	3	3	5	1	1	1	
2014-03-11		6610339	25650001W	3	2	3	2	4	2	3	1	4	4	4	3	4	3	3	3	1	3	4	1	2	5	1	3	2	4	5	5	3	2	4	5					5	3	3	4	2	3	4	
2014-03-11		6520256	25192801W	5	4	4	4	5	4	5	2	5	4	2	2	2	1	3	2	4	5	5	4	3	4		5	5		2		3	1	3	5					4	4	5	5	4	2	2	
2014-03-11		6650711	20519501W	1	5	5	4	4	1	2	5	3	2	3	3	5	5	4	3	5	3	1	5	4	1	3	3		1	5	5	3	5	2	1					3	3	5	3	3	3	5	
2014-03-11		B0HF2W3	27390001W	4	1	1	2	1	3	4	3	1	2	2	2	4	2	1	2	1	1	4	2	3	2		4	3		4		2	1	4	1					2	2	1	1	1	2	3	
2014-03-11		6928377	21183001W	1	1		1	4	1	1	3	5	2	4	4	5	5	5	3	2	3	3	2	3	3	2	1	5	2	3	3	4	2	4	1					4	2	1	4	1	4	5	
2014-03-11		6624404	20689601W	4	2		1	2	3	4	1	1	3	1	1	2	2	2	3	1	5	5	1	2	3		2	2		2		5		1						1	1	1	4	3	2	2	
2014-03-11		6896946	20914501W	4	3	3	3	1	2	4	1	5	3	2	2	3	3	2	1	3	5	4	4	4	4		4	1		4		5		2						2	5	3	5	2	1	3	
2014-03-11		6838669	20694101W	1	2	1	3	3	4	2	4	5	3	3	5	3	3	1	5	3	3	3	4	4	3	2	4	4	2	3	3	4	4	2	1	2	5	2	5	2	2	2	5	3	5	3	4
2014-03-11		6722245	26408001W	4	2		3	2	3	4	2	2	4	5	2	2	1	5	3	2	3	4	5	5	4	5	4	3	5	1	2	1	3	5	4					5	5	3	1	4	3	2	
2014-03-11		6739461	27009401W	3	3	1	2	2	4	3	3	2	3	1	2	5	4	1	1	2	1	3	2	2	4	4	3	4	4	5	1	1		1						1	3	2	1	4	1	5	
2014-03-11		6652386	27013801W	5	5	1	4	4	4	5	3	5	1	2	2	1	2	2	1	4	5	5	5	5	5		1	3		2		4		4						1	5	5	5	5	1	2	
2014-03-11		B0R3TR1	27457501W	5	1	1	1	4	1	5	1	1	5	1	1	1	1	3	1	1	1	5	1	1	5	5	5	2	5	1	4	5		5						4	4	2	3	1	1	1	
2014-03-11		6578987	25495801W	1	1	1	3	2	5	1	5	5	4	4	2	2	2	4	1	3	4	3	2	1	1		4	1		2		4		3						5	1	1	4	4	1	1	
2014-03-11		6603737	25583901W	2	1	4	3	4	1	2	1	4	2	4	5	5	5	4	5	2	2	3	3	3	2	2	2	4	3	5	3	3	3	4	1	4	4	3	4	3	2	3	3	1	5	5	4
2014-03-11		B243Z36	28598501W	5	5	1	4	5	4	5	1	5	1	5	2	1	1	3	1	4	5	4	4	4	1		1	4		1		5	3	4						2	3	5	5	4	1	1	
2014-03-11		6599825	25622001W	1	1	1	1	4	2	1	4	5	1	4	5	4	4	3	4	2	4	3	1	1	5	2	1	4	4	5	2	5	5	4	1	2	3	1	2	2	2	1	4	2	5	5	1
2014-03-11		6592664	25623501W	3	2		3	2	2	3	1	2	1	4	3	2	4	4	3	3	1		3	2	1		1	2	4	5	1	2	1	2						2	3	2	1	1	3	3	
2014-03-11		B1XBPZ6	27525801W	3	2	4	1	5	4	2	5	1	3	1	5	4	3	1	5	1	2	1	2	2	5	3	2	2	3	3	3	4	5	3	4		3	3	2	1	3	3	1	5	5	3	3
2014-03-11		B29NDW6	28763001W	4	5	1	5	2	4	4	1	1	2	5	1	1	1		2	5	3	3	5	5	2	1	4	3		1		2	4	3	2					4	3	4	3	3	1	1	
2014-03-11		B0LNJJ9	27543701W	5	2		2	2	1	5	1	2	2	2	1	1	1	4	1	1	5	5	4	5	1		2	3		2		2	1	1	5					1	4	3	2	3	1	1	
2014-03-11		6371755	24688301W	3	3	1	1	2	3	4	4	2	3	5	3	3	2	5	4	2	1	2	4	5	3	2	2	2	4	3	1	1	3	5	2					5	3	1	1	3	4	3	
2014-03-11		B03F0J0	27124601W	1	3		1	2	5	1	5	5	1	4	2	2	4		1	2	4	1	1	1	4	1	2			4	1	3	5	3	1					2	1	1	2	4	1	4	
2014-03-11		B03WF63	27153701W	4	4	3	3	5	1	4	4	3	2	2	3	2	4	2	1	2	3	4	4	5	1	5	4	2	4	4	4	4	4	2	5					1	4	5	3	4	2	3	
2014-03-11		6290634	22014801W	1	4	5	5	5	2	2	4	1	2	3	5	3	4	3	5	3	2	1	3	3	1	1	3	4		3		3	3	3	1					2	1	5	1	2	5	4	
2014-03-11		6658287	21238403W	1	1		5	4			1	5	5	3	1	1	5			5	5	5	5	5			5			1				4						5	5	2	5	1	1	2	
2014-03-11		6653408	20689901W	5	5	2	5	3	5	5	1	4	1	1	2	2	1	1	1	5	5	5	5	5	5	5	2	1		1		4		1						1	5	5	5	5	1	1	
2014-03-11		6637877	20418901W	2	3		3	2	3	2	4	3	1	1	1	2	2	5	1	3	3	1	4	4	3	1	2		1	3	5	3	4	5	3					3	2	2	2	3	1	2	
2014-03-11		B631Q03	20693301W	1	2	4		2	1	1	2	4	1	5	4	3	2	3	2	2	3	1	3	3	5	1	1		3	2	5	5	5	5		1	3		2	3	3	1	4	1	4	2	1
2014-03-11		6068518	22105101W	3	5	1	4	1	3	3	5	2	1	4	3	4	3	4	4	5	1	2	5	5	3	1	1	2	4	1	1	1	4	3	2					2	4	3	2	4	3	2	
2014-03-11		6144991	23775701W	3	2		2	1	3	3	4	2	2	5	2	2	4	4	3	1	1	2	3	4	2	2	2	5		3	2	1	2	4	4					4	2	1	1	3	3	4	
2014-03-11		6043214	21488201W	1	1	4	2	4	3	2	3	5	3	3	5	5	5	3	5	2	3	3	3	3	3	2	3	5	1	4	4	3	2	4	1	4	4	4	4	4	2	2	4	1	5	5	5
2014-03-11		6577263	27011401W	5	4	1	4	4	2	5	1	3	5	2	1	1	2	4	1	3	5	5	3	3	1	4	5	3		1		3		4						5	3	4	5	2	1	1	
2014-03-11		6739513	24094501W	5	5		5	2	3	5	1	1	5	1	1	1	1	1	3	5	5	5	1	1	1	5	5	3		1		1	1	1	5					2	1	5	4	2	2	1	
2014-03-11		6859596	23203601W	1	3	2	1	5	4	1	4	4	2	4	4	5	5	4	2	2	4	1	5	4	5	1	2	4	1	5	1	5	4	4						3	3	2	2	4	3	5	
2014-03-11		6110624	23207801W	4	2	4	1	1	4	4	4	2	4	2	3	4	3	3	4	1	2	4	3	4	3	5	4	1	5	3	5	2	1	2	5					3	5	2	3	4	4	3	
2014-03-11		6904270	20928801W	5	1	3	3	4	1	5	2	4	2	2	4	2	2	2	3	3	2	4	1	1	3	5	2	3		2		4	2	5	2					2	3	2	3	1	4	2	
2014-03-11		6038823	23777901W	3	4			1	2	1	3	2	3	4	4	5	5	4	1	2		3	2	2	5	3	2	3	5	5	1	4	3	4	4					3	4	2	1	3	2	5	
2014-03-11		6195104	21190801W	2	3		2	2	4	1	4	3	1	3	2	2	1	4	1	3	3	1	2	2	4	2	1	5	1	3	2	3	5	5						3	2	2	2	4	2	3	
2014-03-11		B45P977	25298601W	1	5	5	5	1	5	2	5	3	1	2	3	2	3	2	4	5	2	1	2	2	1	1	1			4		3	5	1						1	1	3	1	5	4	3	
2014-03-11		B00FJV8	27010801W	5	5	3	5	5	4	5	3	5	4	3	1	2	2	4	1	4	3	5	1	1	1		3	3		2		5		5						5	1	5	5	5	1	2	
2014-03-11		6671693	27013601W	3	5		1	4	5	1	5	2	5	3	1	3	5		1	5		2	5	5	1	2	5		5	4	1	3		3						5	4	4	1	5	1	5	
2014-03-11		B8FZDB7	25389801W	4	5		5	5	2	4	5	5	4	4	2	1	2	4	1	4	4	4	3	2	3		3	1		2		3	5	3						4	2	5	5	5	2	1	
2014-03-11		6609478	25694101W	1	1	4	1	4	1	2	2	5	2	3	5	5	5	3	5	2	3	3	1	2	1	3	2	5	4	5	2	4	2	4	5		5	5	5	2	2	1	4	1	5	5	5
2014-03-11		B1DL5V2	28200401W	1	5	2	5	3	2	4	5	3	4	5	5	4	1	5	5	5	4	1	5	5	4	4	2	4		2		1	5	2						5	5	4	1	5	5	3	
2014-03-11		6603339	25623301W	4	4	1	5	2	3	2	2	4	1	1	3	1	1	1	1	5	2	4	5	5		3	5	2	3	1	1	4	1	2						1	5	4	3	1	1	1	
2014-03-11		B03R063	27385501W	3	1	2	3	4	3	3	4	1	3	4	2	2	3	2	3	4	1	1	4	2	4	3	2	3	3	5	2	2		3						2	3	2	1	3	3	3	
2014-03-11		6164472	22903701W	4	3	3	3	2	2	3	3	2	3	5	5	4	3	4	5	3	3	3	3	3	3	4	2	4	4	3	4	3	4	3	4	4	4	4	3	4	4	4	3	3	5	4	5
2014-03-11		B041Y95	28560701W	4	5	2	4	5	4	4	5	4	2	1	2	4	3		2	5	4	4	3	1	5		4	4		3		3		3						2	3	5	5	5	2	4	
2014-03-11		6133944	24831301W	2	2	1	1	2	3	3	4	4	1	3	3	2	3	2	4	2	2	3	4	4	3	1	2	1	4	4	3	1	3	4	2					2	3	1	2	3	4	3	
2014-03-11		6338211	24832601W	5	2	5	3	5	1	4	1	5	2	2	2	1	3	2	3	4	5	5	1	1	4	4	2			1		2	1	3	3					1	2	5	5	1	2	1	
2014-03-11		6724207	25977901W	4	2	1	3	1	3	4	4	2	4	4	4	4	3	3	5	2	1	4	1	1	2	4	5	1	5	3	5	1	2	5	5		3	5	2	5	2	1	3	5	5	2	4
2014-03-11		6679813	25979801W	4	5	1	5	5	4	4	5	5	3	4	5	4	4	2	3	3	4	4	4	4	5	4	2	1		4		4	4	3	2					3	5	5	5	5	4	3	
2014-03-11		6908324	20694701W	4	5		4	5	2	4	5	4	5	5	2	1	1	5	1	4	4	4	4	2	4	4	5	5		3		3	5	5	5					5	4	5	5	5	1	2	
2014-03-11		6042772	23210001W	2	4	3	5	2	5	1	5	5	1	5	4	4	3	4	2	3	4	4	2	3	4	3	1	2	2	1	5	5	4	5	2					3	2	4	5	4	3	2	
2014-03-11		B1GGM68	28147201W	2	3	5	3	4	5	3	5	2	3	4	4	4	4	4	5	5	3	1	1	1	3	1	4	1	2	5	4	3	2	4	4	5	3	2	2	4	1	3	2	4	5	4	3
2014-03-11		6314307	24205601W	5	3	1	4	1	2	5	1	2	4	1	2	4	2	3	2	5	5	5	5	3	5	4	4	3	5	2	2	2	5	2	4					3	5	3	5	3	2	3	
2014-03-11		B0WD589	27556401W	5	1	3	1	5	2	5	1	3	5	1	1	2	1	1	2	1	5	5	1	1	4		5	4		1		1		1						2	1	3	3	2	1	2	
2014-03-11		B39Q2P8	28906001W	4	4		4	2	4	4	5	1	4	3	2	3	3	2	3	4	5	4	1	3	1	5	3	3		4		5	3	1	4					2	1	4	5	5	3	3	
2014-03-11		B03VZ60	27392001W	3	5	2	5	5	5	2	5	1	4	2	1	1	1	1	2	5	2	1	5	5	5	2	5	2	4	3	4	3	5	3	3					3	5	5	2	5	1	1	
2014-03-11		B6Z9ML8	24772201W	2	5		2	1	4	1	3	1	5	1	1	1	4	5	1	5	5	1	5	4	4		4	5	1	1	1	1		3						4	4	1	2	2	1	3	
2014-03-11		BFTWFF1	28724601W	3	3	5		1	1	1	3	2	2	2	4	4	5	1	2	1		2	3	3	3	1	3	4	5	5	1	5	3	4	1					2	3	2	1	1	3	5	
2014-03-11		B05LP68	27190801W	1	4	2	3	4	2	3	5	3	2	3	3	3	4	2	4	3	1	1	5	5	2	1	2	4	2	2	1	1	3	3	1					2	3	3	1	2	3	4	
2014-03-11		6654564	22729901W	5	4	1	4	4	4	4	5	4	1	1	2	1	1	2	2	4	5	4	3	3	4	5	1	5		2		3		1						1	4	4	4	5	2	2	
2014-03-11		B06YXP1	27276201W	4	5	1	5	2	5	4	5	3	3	5	1	1	1	5	2	4	4	4	5	5	2	4	1	2	1	1	4	2	3	5	3					5	4	5	4	5	1	1	
2014-03-11		B07LZ33	27282101W	5	5	1	5	4	3	4	4	2	5	5	3	2	2	4	5	5	5	4	5	5	5	4	5	1	1	1	4	1	1	5	3		3	4	2	5	5	5	4	3	4	1	3
2014-03-11		6520698	25299401W	4	4	2	4	5	2	4	3	3	3	1	1	3	3	2	1	5	3	4	5	4	5	4	4	5	5	4	2	2	4	3	5					2	5	5	3	4	1	4	
2014-03-11		6536918	25305901W	5	3	4	4	5	2	5	1	5	3	1	1	1	1	1	1	4	5	5	5	5	5	5	2			2		2		1						1	5	5	5	2	1	1	
2014-03-11		B01CK59	27012801W	4	4	4	4	2	5	3	5	3	4	3	5	4	4	1	4	5	4	4	2	3	3	3	3	2		3	5	4	4	2		1	3	3	1	2	2	5	5	5	4	4	1
2014-03-11		B03XRP9	28169501W	1	5		1	5	1	5	1	5	5	3	1	1	1	3	1	5	5	5	4	5	5	5	5	2		1		4		3				5		5	5	3	5	1	1	1	5
2014-03-11		B0PQDS1	27516301W	1	3		2	2	4	1	5	1	2	1	1	3	5	4	1	2	1	1	5	5	4	1	2		1	4	1	2	4	2	1					1	4	1	1	3	1	4	
2014-03-11		6585415	25622501W	4	4	5	4	1	3	5	4	3	3	2	2	2	4	2	1	5	4	4	5	4	5	4	4	3	2	1	4	4	5	1						2	5	5	5	5	2	3	
2014-03-11		B29Y4W6	28764401W	5	3	4	1	4	2	5	2	1	3	3	4	3	4	4	3	1	3	5	3	3	4	5	3	1	5	4	4	4	1	4	5					4	5	4	3	3	3	3	
2014-03-11		B1QNF48	25139901W	3	3	4	3	1	2	3	3	3	5	5	5	4	3	5	5	4	3	3	4	4	4	4	3	1	3	3	5	4	4	5	4	1	1	4	1	5	5	3	5	4	5	3	1
2014-03-11		6434915	21057604W	3	3	3	2	3	5	1	3	2	4	5	5	5	5	5	5	2	4	2	2	2	1	3	3	3	4	4	3	5		4		5	1	1	2	5	2	3	3	2	5	5	2
2014-03-11		B3B99B0	28915201W	4	4		2	3	3	3	4	1	5	3	1	1	1	3	1	2	4	4	3	3	1	5	5	5		2		5	2	3	5					5	2	4	3	4	1	2	
2014-03-11		6635547	20516701W	2	2	2	1	2	3	3	4	3	2	4	3	4	5	4	4	1	1		4	4	2		3	4	4	5	1	2	1	3	3					3	4	1	1	2	4	5	
2014-03-11		6695206	20534701W	2	2	2	3	1	3	3	3	3	4	2	4	4	3	1	5	3	1	2	3	2	3	3	4	4	3	3	2	1	4	3	3					3	2	1	1	4	4	4	
2014-03-11		B0NLT68	27441201W	5	1	1	5	5	1	5	1	5	5	4	1	2	2	3	2	5	5	5	4	5	1		5	3		3		1	1	1	4					5	4	4	5	1	2	2	
2014-03-11		B1LJQQ0	22722301W	1	1	4	2	2	5	1	2	4	1	5	4	5	3	5	4	1	2	1	2	1	1	1	1	1	1	4	4	4	5	5	1					4	1	1	1	2	4	3	
2014-03-11		6366795	21017701W	3	2	3	2	4	2	1	3	4	3	2	5	5	4	2	5	2	3	3	3	4	3	2	3	3	3	4	5	4	4	4		2	5	3	5	2	2	3	4	2	5	4	4
2014-03-11		B2Q5GL5	28850301W	1	5	4	5	1	5	1	5	5	1	3	5	5	4	1	4	4	3	1	4	4	1	1	1	3	1	4	3	4	5	3	1					1	2	3	3	4	5	4	
2014-03-11		B032D81	27385401W	5	4		4	2	5	5	3	1	2	5	1	1	3	5	1	3	5	5	4	4	1		1	1		2		1	1	5	5					5	4	5	3	5	1	1	
2014-03-11		6338374	24765301W	5	2		2	1	2	4	2	1	2	5	3	2	2	3	5	1	5	5	3	3	3	5	1	3		2		1	2	1						2	3	2	2	2	4	2	
2014-03-11		6701385	24800201W	5	4	4	4	2	2	4	4	1	3	2	2	1	2	4	4	5	5	5	2	2	5	4	2	5	5	1	1	1	4	5	5					3	5	4	3	5	3	2	
2014-03-11		B1YC536	28533901W	5	4	1	4	2	4	5	4	3	4	3	2	2	1	4	2	4	4	5	1	2	1		4	4		2		2	2	5	5					5	1	3	3	5	2	2	
2014-03-11		B03NG30	28559001W	1	4	4	4	4	1	1	3	4	1	4	4	3	3	1	3	5	2	1	5	5	4	1	1	1	1	2	5	4	5	1						1	4	3	2	1	3	2	
2014-03-11		B8K3Q51	28559101W	5	5		5	5	5	5	1	4	5	1	1	1	1	3	1	4	5	5	1	1	1		4			1		5		2						3	1	5	5	5	1	1	
2014-03-11		B06K6F0	27276501W	1	1		4	4	4	1	4	5	1	4	5	4	3	4	3	3	4	3	5	4	2	2	1	3	1	2	4	5	5	5	1	1	5	5	5	3	3	2	5	3	4	3	4
2014-03-11		B07LTF3	27278401W	4	3	5	3	2	5	4	4	3	1	4	4	1	1	2	3	3	3	4	1	2	5	5	1	2		1		5		1						1	3	4	4	5	3	1	
2014-03-11		B4V71G0	29291701W	4	3		2	2	4	4	2	1	5	2	1	2	1	5	2	1	5	5	2	3	5	5	5			2		5	2	5						5	4	3	3	3	1	1	
2014-03-11		B4Y2076	29344401W	3	2	5	3	5	2	2	4	2	4	2	2	2	3	3	2	5	2	2	4	2	1	2	5		3	3	2	4	4	4						4	2	4	2	3	2	3	
2014-03-11		B59XLQ7	29431201W	2	1	2	1	1	3	2	4	3	2	4	3	4	3	2	3	1	1	1	1	1	4	3	3		2	4	3	2		4						3	2	1	1	2	3	4	
2014-03-11		B5LG2Z0	29491201W	4	4	4	1	3	1	5	2	1	1	3	4	3	4	2	2	3	4	5	3	4	4	5	2			2		5	2	3			5	5	5	2	5	4	4	1	4	3	5
2014-03-11		B61ZCY3	29647601W	3	2	4		4	1	1	3	3	4	2	5	5	5	2	3	2	3	2	3	3	2	3	4		4	5	1	5	3	2			3	1	5	3	3	4	2	1	4	5	3
2014-03-11		6669814	20690801W	1	1	4	2	4	2	3	2	4	2	4	4	5	5	5	5	2	2	2	2	2	2	2	2	3	3	4	2	3	5	5	3	2	4	3	4	4	2	2	2	2	5	5	4
2014-03-11		6450687	20925501W	3	3	5	1	4	5	2	2	1	4	5	4	5	3	5	4	1	4	1	4	4	5	4	3	1	3	3	4	4	4	5						5	5	3	2	4	4	3	
2014-03-11		6927374	20940101W	3	3		4	4	4	3	3	4	4	4	5	5	5	4	5	3	3	3	3	3	3	3	2	3	5	5	1	3	3	2	4	3	4	4	4	4	4	3	3	3	5	5	4
2014-03-11		BCBHW74	25297101W	4	5		5	5	4	4	1	2	3	2	2	3	2	1	2	5	5	4	5	5	1	4	3	4		4		2		3						2	5	5	5	3	2	3	
2014-03-11		6437345	25298501W	4	4	1	5	2	4	4	4	1	3	1	1	1	3		2	4	1	3	3	3	3		3	3		1		1	3	1	5					1	2	3	1	5	1	2	
2014-03-11		B04BMX5	27337701W	4	5	5	4	1	4	3	5	1	5	3	1	3	5		5	5	2	4	5	5	3		5	5		5		3	5	3	5					5	5	5	4	5	3	5	
2014-03-11		B1G16W7	28149401W	5	4			2			3	2	4	1	1	1	1	1		4	4	5	5	5		5	5	1		1	1		1	1						1	5	5	3	1	1	1	
2014-03-11		B1H6C23	28155601W	5	5	1	5	5	1	5	1	5	5	2	1	1	5		1	5	5	5	5	5	4		5	5		3		3		3						4	5	5	5	2	1	4	
2014-03-11		B2927P4	28756801W	1	2	4	3	2	3	1	3	5	2	5	5	4	3	5	5	3	3	2	4	3	5	3	1	2	1	3	4	5	4	5	1	3	3	5	3	5	3	2	4	2	5	3	4
2014-03-11		B2N7DV3	28794701W	5	5	1	4	1	2	4	5	4	5	3	1	2	1		4	5	5	4	3	5	1	4	4	4	4	2	3	1		3						4	3	4	4	4	2	2	
2014-03-11		B10SSK6	27589401W	5	5	5	4	5	4	5	3	5	1	4	2	1	2	5	1	4	5	5	5	5	5		1	5		5		5	3	4	5					3	5	5	5	5	1	3	
2014-03-11		B2NTNK8	28838901W	3	2	4	2	2	2	4	3	5	2	2	4	3	5	2	4	2	2	4	2	3	2	4	3	1		3		2	2	2	2					1	3	3	3	2	4	3	
2014-03-11		B2PL3H9	28839101W	2	3	2	3	2	4	3	3	3	1	4	3	2	3	3	4	3	1	2	2	2	2	5	1	4	4	2	5	2	3	3	3					1	3	2	2	3	3	2	
2014-03-11		B10GQN9	25192501W	4	5		5	2	2	4	5	4	2	3	2	1	5	1	3	4	4	4	5	5	5		3	5		1		1	4	3	4					1	5	5	4	4	2	3	
2014-03-11		B2R9BW2	28902501W	4	1		1	2	4	3	1	2	2	3	2	3	4	2	2	1	1	3	1	1	4	2	3	4		4	2	1	1	3	2					2	2	1	1	1	2	4	
2014-03-11		B0LNJG6	27458401W	3	3	2	3	5	3	3	4	4	1	2	4	1	3	1	4	3	3	4	3	3	3	4	5	5	3	2	5	3	3	3	3					2	4	4	5	4	4	3	
2014-03-11		6602251	25571801W	2	3	1	3	5	2	4	4	4	5	3	3	2	1	3	4	3	2	3	1	1	4	4	5	1	2	2	4	1	5	3						5	1	3	3	4	4	1	
2014-03-11		6194026	23326801W	5	5	1	5	2	2	5	4	1	5	1	2	2	1	1	5	5	5	5	1	2	1		5	1		1		1	1	1	5					2	1	4	4	4	4	1	
2014-03-11		6608691	25649801W	4	5	3	5	5	3	4	5	2	3	2	2	1	4	2	2	5	4	3	5	5	1	2	5	2		3		3	4	2	3					2	4	5	4	5	2	2	
2014-03-11		B10S732	27659401W	4	1	1	2	2	2	4	3	1	5	1	2	3	3		3	1	5	3	2	2	4	4	5	5	3	3	1	5	3	1	5					3	3	1	2	4	2	4	
2014-03-11		B05QCY0	27385301W	1	3	5	1	3	5	1	4	4	4	2	5	4	3	1	5	2	3	1	1	1	3	1	3	2	1	4	4	5	4	2	1		3		2	1	1	3	3	3	5	3	2
2014-03-11		6702582	20532501W	2	4		1	4	1	5	1	5	4	1	3	1	1	2	1	2	5	5	1	1	5		5	1		2		5	1	3	4					3	1	3	5	2	1	1	
2014-03-11		B0LG103	27443601W	4	3		3	1	5	5	5	1	3	2	2	2	2	4	1	1	5	4	1	5	4	4	2	1	5	2	3	5	1	2						2	4	1	3	4	1	1	
2014-03-11		B1Y9JD5	28491201W	3	5		5	2	5	3	5	2	2	4	3	5	3	2	2	4	2	3	5	5	3	3	3	4	5	5	1	3	4	4	3					3	5	5	2	5	2	5	
2014-03-11		6112493	22730501W	1	1	1	1	2	4	2	2	3	2	2	4	4	4	2	4	1	1	1	1	1	2	3	1	4	2	4	1	2	2	2	2					1	1	1	1	2	4	4	
2014-03-11		B23JK41	28556201W	5	5		3	1	4	5	5	3	2	4	1	1	1	3	1	4	4	5	1	1	3		5	2		1		3		1						3	1	4	5	5	1	1	
2014-03-11		6150824	24828701W	2	1	3	3	1	1	3	2	3	1	2	1	3	1	2	2	3	1	2	2	2	5	1	1	5	2	4	3	1	4	3	1					1	2	1	2	1	2	3	
2014-03-11		6206727	24828901W	5	2	2	1	2	4	5	1	1	2	1	1	1	1		1	1	5	5	1	1	4		5	5		1		1	1	1						1	1	2	2	2	1	2	
2014-03-11		6282073	24831801W	5	4	3	4	5	3	4	5	4	2	4	1	1	2	5	2	4	4	4	4	4	2	5	5	1		4		2	4	3						5	5	5	5	5	1	1	
2014-03-11		6972385	10383502W	1	3	4	1	4	5	1	5	1	3	3	5	5	4	2	5	2	2	1	4	4	1	2	4	2	1	3	4	3	4	3	2	5	3	1	4	2	3	2	1	3	5	4	3
2014-03-11		B0LTJL9	27467901W	3	3	4	2	1	5	3	2	1	3	1	2	2	1	2	2	1	3	2	2	2	4	1	4			2		3	2	4	1					2	2	2	2	2	2	1	
2014-03-11		6593764	25519901W	4	2		1	2	1	5	1	3	3	2	4	5	5	1	2	2	5	4	4	4	5	4	3	2	5	5	2	4	1	2	5					1	5	1	3	2	3	5	
2014-03-11		6579162	25581801W	4	4	1	3	1	4	4	4	1	4	3	2	4	5	3	2	4	2	4	2	2	4	4	4	4	5	4	5	2	3	2	3					3	4	2	4	4	2	4	
2014-03-11		6728124	25622201W	2	1		1	3	3	2	2	4	3	5	3	2	1	5	4	1	1	2	1	1	2	2	1	3	3	1	3	2	1	5	3					5	1	1	2	2	4	1	
2014-03-11		B2NDKB0	25640802W	1	2	1	1	4	5	1	2	2	2	3	5	5	4	5	4	1	1	1	2	2	1	2	3	4	2	5	2	4	2	4	2					4	1	1	1	2	5	5	
2014-03-11		6609092	25649901W	1	1			5	1	5	5	5	5	5	1	1	1	5	1	5	5	5	1	1	5		3	3		1		1		5						5	1	1	5	5	1	1	
2014-03-11		B2N7DZ7	28850702W	4	2		1	2	3	3	4	1	4	5	4	3	3	5	5	1	1	3	4	4	4	2	3	2		3		1	2	2	4			4		5	4	2	1	4	4	3	5
2014-03-11		B138S25	27701701W	1	2	5		1	5	2	2	2	4	2	4	4	4	3	4	1	2	1	1	1	2	3	4	2	2	3	3	4	2	5	1					4	1	1	1	1	4	3	
2014-03-11		B1YY640	28515101W	3	4	2	5	2	5	3	5	3	1	1	3	3	3	2	3	3	3	3	4	5	4	4	2	3	4	1	4	3	3	4	3					1	5	3	2	4	3	2	
2014-03-11		6083340	22730701W	1	1	2	2	2	2	2	4	4	2	3	1	2	2	1	1	1	1	1	2	1	2	1	2		2	3	1	3	3	3	3					1	1	1	1	2	1	2	
2014-03-11		B94QK40	28560401W	4	5	5	5	5	5	2	1	5	1	5	4	3	4	5	1	5	5	4	5	5	5	4	1			4		5	5	4						3	5	5	5	4	2	4	
2014-03-11		B04QXR1	28560601W	1	1	3	3	2	1	3	1	5	2	2	2	4	3	3	3	2	1	2	5	1	2	2	2	5	5	5	1	2		1						1	3	1	2	1	3	5	
2014-03-11		6231161	24830201W	1	1			5	1	5	5	5	5	1	1	1	1	1	1	4	5	5	1	1			5	2		1		5	3	3	4					2	1	1	5	4	1	1	
2014-03-11		6270465	24831401W	4	4	5	1	2	5	3	1	3	3	5	2	2	2	4	1	2	4	4	2	2	1		3	5		2		5	3	5						5	1	4	4	4	2	2	
2014-03-11		6437817	24986501W	3	2		2	3	2	3	2	3	4	5	3	2	1	5	4	2	2	3	1	1	2	3	2	3	4	2	3	2	2	4	2					5	1	2	3	1	3	1	
2014-03-11		B3ZWLW0	29694101W	1	1	1	1	2	1	2	5	4	1	5	4	4	3	5	4	1	1	1	2	2	3	2	1		1	4	2	2	5	5		3	1			4	1	1	1	3	4	4	1
2014-03-11		B63PXV5	30848901W	2	4	5	4	2	5	2	1	2	3	3	4	4	2	5	4	4	2	1	5	5	5	3	3		2	4	3	3	4	4						4	5	4	2	3	4	4	
2014-03-11		B89V894	31300601W	3	5	1	5	1	5	3	5	5	3	5	4	4	2	4	3	4	4	4	1	1	3	4	4		5	3	5	3	4	1						4	3	3	5	5	3	3	
2014-03-11		6344069	24830801W	5	5	1	5	5	2	5	5	3	5	1	1	2	1	1	2	5	5	5	5	5	1	5	5	1		1		2		3						3	5	5	4	5	1	1	
2014-03-11		B06JWF9	27263401W	2	3		4	1	4	3	1	1	5	1	2	3	3	2	4	5	1	1	5	5	2	3	4	2	2	3	5	2	4	2	3					3	3	2	2	2	3	2	
2014-03-11		B08GMB4	27295101W	2	1	2	1	1	1	3	1	2	1	5	3	3	2	5	5	1	1	1	4	4	1		1	1		2		1	3	5	3					4	3	1	1	1	4	2	
2014-03-11		6538011	10313001W	1	1	4	1	4	1	2	2	2	2	3	3	5	4	2	4	1	2	1	1	2	5	2	3	4	2	5	1	2	5	4	1					2	2	2	1	1	4	5	
2014-03-11		B55KK21	29146401W	1	1		2	4	1	2	3	5	1	3	3	3	5	3	2	2	2	2	3	1	4	1	1		1	5	4	3	2	5						2	1	1	3	1	3	4	
2014-03-11		B3NM0H0	29243501W	1	1	5	5	1	1	5	1	5	2	1	1	2	3	2	1	4	5	5	5	5	1		2			1		3		3						1	5	2	5	3	1	2	
2014-03-11		B4VDHH1	29307101W	5	4		1	2	3	5	4	1	5	4	1	1	5		2	2	5	5	5	5	5	5	5			1		1	1	3						5	5	3	3	4	1	2	
2014-03-11		B8BXJQ2	29340901W	2	2	3	4	4	1	2	3	5	2	5	4	4	3	5	2	3	4	4	3	4	4	2	1		4	2	3	4	4	3	1		3		2	3	5	4	4	2	3	3	2
2014-03-11		B51VJ76	29441001W	2	1	3	2	5	3	1	2	2	4	4	5	1	4	3	5	1	1	1	2	2	4	3	3		1	3	5	2	2	2		2	5	3	5	4	2	2	1	2	5	2	4
2014-03-11		B4K99M9	29508501W	5	5		5	4	5	5	1	2	3	2	2	2	1	5	1	4	5	5	1	1	5	5	3			2		4	1	3						3	3	5	5	4	1	1	
2014-03-11		B3XH365	24813690W	2	4	5	5	4	4	1	1	4	2	3	5	5	5		5	5		2	4	4	3	2	2		3	5	4	5		2	3					2	3	5	5	2	5	5	
2014-03-11		B80FZH2	31393701W	2	4	3	4	2	5	2	5	5	2	2	4	4	4	2	3	3	3	3	4	4	2	3	3		2	5	5	4	4	1						1	3	3	3	5	3	5	
2014-03-11		6601894	20512701W	4	5		1	2	3	2	2	2	4	4	3	4	4	3	2	4	1	3	5	5	3	4	3	2	5	5	5	2	5	4	1					4	5	3	3	2	2	4	
2014-03-11		6531407	24788301W	2	2	4	1	2	5	2	3	1	2	1	5	5	4	2	5	1	3	1	1	1	5	3	3	1	3	4	4	4	4	4	2		3	3	2	2	2	1	1	3	5	4	3
2014-03-11		B29HG52	28748201W	4	5		5	5	4	4	5	1	5	4	3	3	1	3	4	5	1	4	3	3	1	4	5	1		2		1	3	4	3					5	3	5	2	5	3	1	
2014-03-11		B06BRL6	27232201W	3	2	1	3	4	2	4	4	2	3	2	3	2	2	2	5	3	1	2	4	3	5	3	4	5	4	3	1	1	3	3	3					2	4	2	1	2	4	3	
2014-03-11		B0385L6	28558901W	3	3	3	3	2	3	2	1	3	3	5	3	2	1	4	3	4	3	2	5	5	3	5	2	2		1		3	3	5	4					5	5	3	4	2	3	1	
2014-03-11		6281445	24831101W	5	4	3	4	4	4	5	3	2	5	1	2	1	2	1	3	4	5	5	4	3	1	5	5	5	5	3	5	2	1	2	4		3		2	3	4	5	5	4	2	3	2
2014-03-11		6152927	24832701W	2	1	1	3	4	4	3	3	2	4	5	2	3	2		3	2	1	1	5	4	2	3	4	3	2	3	1	1		3						5	4	2	1	4	2	3	
2014-03-11		B03WFQ3	27297801W	1	4	1	4	2	3	4	5	4	3	3	1	2	5		2	4	1	4	5	5	3	4	5	5		1		1	3	3	5					4	5	2	2	5	1	4	
2014-03-11		B07G2Y8	27298401W	3	3	3	2	1	5	1	3	3	5	5	5	4	2	4	4	2	3	3	3	3	5	3	4	3	3	3	3	4	3	4	1	4	5	3	5	5	5	2	2	4	5	3	5
2014-03-11		6583538	10375801W	1	2	3	2	4	3	2	4	4	1	5	4	5	5	5	4	2	2	2	4	4	1	1	1	5	1	3	4	2	4	4	1					3	1	1	1	2	4	5	
2014-03-11		B4WDSL1	29295501W	4	4	5	4	2	1	5	2	1	2	1	2	2	2	5	1	5	4	4	5	3	5	5	5			3		5	5	3						4	5	3	4	3	2	2	
2014-03-11		B566LS1	29572401W	4	1	2	1	2	2	4	5	4	2	5	5	3	2	5	5	1	4	4	1	1	2	4	1			1		2	1	5						4	1	1	3	2	5	2	
2014-03-11		B3MZR46	29712301W	2	1	2	3	2	2	2	1	4	1	4	1	3	2	4	1	4	1	2	3	2	2	2	1		2	3	4	3		1						1	1	1	2	1	1	2	
2014-03-11		B6WC5P5	29842901W	2	5	5	5	2	5	2	5	4	1	3	3	4	5		1	5		3	5	5	2	2	2		3	4	4	4	5	3						1	4	4	5	5	2	5	
2014-03-11		B8JG3S3	31335202W	3	3	4	3	4	1	2	3	4	2	4	5	5	4	4	5	3	4	4	3	3	4	3	3			3		5	3	4		1	1		1	4	5	5	4	2	5	4	1
2014-03-11		6731821	27012201W	5	5	2	4	2	3	5	2	2	3	3	1	3	5		2	5	5	5	5	5	2	5	3			4	1	1	1	3	4					3	5	4	3	3	1	4	
2014-03-11		6731081	27012401W	1	1		2	1	2	3	4	5	1	4	4	4	5	4	4	2	2	2	4	4	3	2	1	4	1	5	2	2	5	3	1					2	2	1	2	3	4	5	
2014-03-11		B7XFY97	23199601W	5	5	3	5	5	4	5	1	3	5	1	1	2	1	1	1	5	5	5	4	4	4	5	5	1		1		2	5	3	4					3	5	5	5	5	1	1	
2014-03-11		6087751	23213901W	3	4		2	2	2	2	3	4	4	4	2	3	2	4	1	3	3	3	1	1	1	2	4	5		3		4		4						5	1	2	4	1	1	3	
2014-03-11		B1GF2M1	28145601W	5	5		1	2	2	4	4	1	2	1	1	1	1	5	4	5	1	5	3	3	4		5	3		2		5		1	5					2	3	3	4	4	2	1	
2014-03-11		6163275	23326401W	4	4	1	5	5	5	2	4	1	5	1	2	2	2	1	1	4	3	3	4	4	5	5	5	2	5	4	5	3	3	1	4					2	5	4	4	4	1	2	
2014-03-11		B29SQG6	28769401W	5	5	1	5	2	5	5	1	2	4	3	4	3	2	1	3	5	5	5	1	1	5	4	3	1		1		4	1	1	4					2	3	4	5	4	3	1	
2014-03-11		B10S7S7	27659001W	5	5		5	5	4	4	4	5	1	1	2	1	2	1	1	4	4	4	4	4	3		1	5		1		4		2						1	4	5	5	5	2	2	
2014-03-11		6526823	20498701W	1	3	2	2	2	4	1	5	1	2	2	3	5	5	3	4	2	1	1	4	4	4	2	2	4	1	3	4	3	4	2	2					1	3	2	1	4	4	4	
2014-03-11		B2Q57J0	28866201W	2	2	3	1	2	4	2	4	1	5	3	2	3	5		4	1	5	1	4	5	4	1	5	2	1	2	2	5	3	3	2					5	3	1	2	3	3	3	
2014-03-11		B09YDW5	27346901W	5	3	5	2	2	2	5	2	1	5	1	2	1	2		5	1	5	5	2	3	5		5			1		3	1	1	5					3	4	4	3	3	4	1	
2014-03-11		B39V1P6	28903402W	5	1		1	5	3	5	1	5	1	3	4	1	1	1	2	3	4	5	4	4	3		1	2		1		4	1	1	5					1	4	3	5	3	3	1	
2014-03-11		6201896	24761101W	4	3		1	2	4	4	3	1	3	3	4	4	5	3	2	1	5	4	5	5	3	5	3	3		5		5	1	4	3					3	5	2	3	4	3	5	
2014-03-11		B03WFR4	27197701W	5	4		4	2	3	4	4	1	4	1	1	1	2		3	5	1	5	4	4	1	5	5	1		1		5		1						2	4	5	4	5	2	1	
2014-03-11		B28BYX9	28747601W	4	3		1	2	3	5	2	1	5	5	1	1	1	5	1	1	4	5	3	3	5	4	5	3		2		5	1	5						5	5	2	3	3	1	1	
2014-03-11		6725277	27010301W	5	5	5	2	4	5	5	4	4	5	2	1	2	1	2	2	5	5	5	3	5	5		5	1		2		4	4	1				5		3	5	5	5	5	1	1	5
2014-03-11		6651468	27012901W	1	1		2	2	3	2	4	5	1	4	3	5	5	5	2	2	2	2	2	4	2	1	1	4	4	4	2	3	2	4	2					3	2	1	3	2	2	5	
2014-03-11		6337133	20372501W	1	4		4	5	4	1	1	5	5	3	2	1	1	1	2	3	5	1	2	2	1	5	5	1		1		3	5	3	3					4	1	5	3	3	1	1	
2014-03-11		6081805	23213301W	2	1		3	3	4	2	1	3	1	5	3	3	2	4	3	4	1	1	5	4	2	1	1	1	2	1	3	2	4	4						3	2	2	2	2	3	2	
2014-03-11		B1KKRP0	28211601W	5	1	4	3	2	1	5	1	4	5	4	3	2	4	4	4	4	1	5	4	2	4		4	1		4		5	1	4	5					5	4	4	5	2	4	3	
2014-03-11		B0Z7YT2	27556301W	5	4	5	4	2	2	4	4	1	5	1	1	2	1	4	5	5	3	5	2	4	2	5	5	2	5	2	1	1	2	1	5					3	4	5	3	5	3	1	
2014-03-11		B2N7F28	28806701W	2	1	4	1	5	5	3	2	4	5	3	4	4	4	2	4	1	2	3	1	1	5	4	4	3	5	4	1	2	1	5	2		3		2	4	3	2	1	2	4	4	2
2014-03-11		6537290	20480801W	1	1	4	1	1	4	2	2	4	4	4	2	1	1	1	2	1	1	1	2	3	4	4	3	5		2		2	4	1						2	3	1	1	2	2	2	
2014-03-11		B0CSZT5	27382101W	2	4	3	4	2	4	3	4	1	4	1	2	3	2	2	3	4	3	1	5	4	2	1	3	2	3	5	4	2	4	1	2					1	3	3	2	4	3	3	
2014-03-11		6180810	24745701W	1	1	3	2	3	2	3	3	5	1	4	3	3	5	5	3	1	2	3	2	1	2	1	1	4		3		3	2	4	2					4	1	2	1	3	3	4	
2014-03-11		B28Z260	28716601W	2	4	5	4	2	3	1	5	3	3	3	3	5	4	1	3	5	2	1	5	5	5	2	2	3		5		4	4	2	1		3		5	1	5	4	3	2	3	5	4
2014-03-11		6044079	24828401W	1	2	2	3	3	3	3	4	2	3	2	3	4	3	1	4	4	1	1	5	5	1	1	3	2	1	5	3	1	3	1	1		1		1	1	2	2	1	3	4	4	1
2014-03-11		B069Z16	24830301W	4	5	1	5	2	5	4	5	3	4	1	1	1	1	1	1	5	5	4	5	5	3	5	5	5		3		2	5	3	5					2	5	4	5	5	1	2	
2014-03-11		B1WKCW0	24832001W	4	2	4	3	1	2	4	2	1	3	4	4	2	1	1	5	4	1	4	5	5	4	4	2	3		1		1	3	1	2					1	5	3	2	1	5	1	
2014-03-11		B62BSK8	29395301W	3	4	3	4	5	4	3	4	1	3	1	3	3	3	1	4	5	1	2	2	4	5	4	4			2		1	4	2						1	5	5	1	5	4	2	
2014-03-11		B6VJFJ1	31363801W	4	5	2	5	5	5	4	5	5	1	5	2	2	2	5	1	4	4	4	5	5	4	4	1			1		4		4						4	5	5	5	5	2	1	
2014-03-11		B7ZZSF9	31415801W	3	2	3	1	4	1	1	2	3	4	5	5	5	4	5	3	2	2	3	3	3			3		5	4	2	5	2	5			5		5	5	4	2	2	1	4	5	5
2014-03-11		BFWH2S5	31642901W	1	2	1	1	4	3	3	5	5		3	4	3	2	1	5	2	3	2	1	1	3	2				3		2		1						1	1	1	2	5	4	3	
2014-03-11		B7F1YR1	27305801W	5	2	4	3	5	1	4	1	3	5	1	1	1	1		2	4	1	5	2	5	2	5	5			1		1		1						3	4	4	2	1	2	1	
2014-03-11		6209050	10384201W	2	2	1	2	3	2	2	1	4	4	4	5	4	5	5	5	2	3	2	3	2	3	2	4		2	2	5	4	2	3	4	5	3		2	5	2	1	4	1	5	4	4
2014-03-11		B3L7FV6	29105301W	2	1		1	2	5	1	1	4	1	5	3	3	3	3	2	2	2	2	2	1	2	2	1		2	1	2	4	2	3						2	1	1	1	1	2	2	
2014-03-11		B3Q53Q6	29236301W	5	2	2	3	5	2	5	1	2	5	2	1	1	2	2	1	3	5	5	4	3	5	5	5			1		1		1						3	5	4	4	2	1	1	
2014-03-11		B3D0FM4	29096402W	2	3		2	2	3	2	4	1	5	4	4	2	2	2	4	1	1	1	2	3	4	3	5			1		1	5	4	2					5	3	2	1	4	4	1	
2014-03-11		B5T1SH1	29441601W	2	3	4	3	2	5	3	3	2	4	1	4	4	4	1	5	4	3	1	2	2	2	3	4		2	3	2	2	3	1			3	3	2	2	2	3	2	4	4	4	3
2014-03-11		B3SG925	29457101W	4	3	4	2	2	4	4	3	2	5	3	1	1	5		1	2	2	4	4	4	4	4	1			1		2		3						3	5	3	2	5	1	2	
2014-03-11		B6QJXD6	29841201W	4	5	1	5	2	5	4	5	5	1	2	2	4	2	2	1	4	4	4	3	3	3	5	1			3		3		3						1	4	4	5	5	1	3	
2014-03-11		B7K2PL0	31207801W	1	3	2	4	5	1	1	4	5	1	2	4	2	5	1	2	2	4	3	2	4	4	1	1		2	5	4	5	5	3		2	1	1	1	1	3	4	4	3	3	5	1
2014-03-11		B8H9HW6	31337701W	5	1	4	1	5	1	4	1	3	5	1	1	2	2	5	3	1	1	5	2	2	5	5	5			1		1		5						5	4	3	1	1	2	1	
2014-03-11		BCQNVZ8	31588101W	3	5	1	5	5	5	3	1	4		4	3	4	3	4	2	4	3	4	2	2	5	4				3		3		5			3		2	5	3	5	4	3	3	4	2
2014-03-11		BJ590X7	31709901W	1	1	2	2	5	1	1	3	5		1	3	3	2	1	3	2	2	1	1	4	3	2			1	2	4	3		1						1	2	1	3	1	3	2	
2014-03-11		B04KJ97	25493901W	1	1	5	2	4	3	2	1	5	2	3	5	5	5	3	5	2	3	3	2	2	3	2	2	5	2	5	2	4	2	3	3	3	3	4	3	2	2	2	4	1	5	5	3
2014-03-11		6601720	25621901W	2	5	4	4	2	4	2	5	2	2	2	4	5	5	1	5	5	2	1	3	4	1	2	2	2	2	4	3	3	4	2	4	4		3		1	2	4	3	5	5	4	3
2014-03-11		B0XGGF1	27525201W	2	4	5	1	5	2	1	3	3	4	1	2	3	3	1	1	2	4	1	3	3		4	4	3	1	4	3	5		2						2	3	4	3	1	1	3	
2014-03-11		6578943	25759901W	3	4	1	4	4	5	3	5	1	4	3	4	4	4	2	4	4	1	2	3	3	2	2	4	1	3	5	4	2	3	1	1					2	2	3	2	4	4	3	
2014-03-11		B1218R0	27701401W	3	2	3	2	2	5	2	3	2	3	3	4	3	5	4	4	2	2	2	1	4	4	3	3	4	3	5	3	3	2	3	3					3	3	2	2	3	4	5	
2014-03-11		B0343N2	27348001W	3	5	2	5	2	3	3	4	4	1	2	2	3	3	2	2	4	3	4	5	5	3	1	1	2		3	2	3	4	3	1		3		2	1	3	4	4	3	2	3	2
2014-03-11		B03ZBT7	27348201W	4	2	5	2	5	3	4	3	5	3	5	4	3	1	4	4	2	3	4	3	4	3	4	2	3	3	2	5	3	2	5	5		3		2	5	4	4	4	4	4	2	2
2014-03-11		6121886	22354602W	1	4	2	4	2	4	1	4	2	1	3	5	5	5	3	5	3	1	1	3	3	2	1	1	5	1	5	3	2		2						1	1	2	1	3	5	5	
2014-03-11		B0CGYR0	27387801W	4	2	5	2	2	4	4	4	1	4	4	1	3	5	2	3	1	1	1	4	4	3	3	4	5		1		1		3						4	4	3	1	5	2	4	
2014-03-11		B0LFY90	27444601W	5	5	1	5	5	3	5	1	4	5	1	2	2	2	1	2	5	5	5	5	5	1	5	5	4		2		3	5	2	5					2	5	5	5	5	2	2	
2014-03-11		B1YWL94	28508601W	2	2	5	3	5	1	2	2	3	2	4	4	3	5	3	5	5	2	2	4	2	5	3	2	2	2	2	3	3	5	2	3			4		2	3	4	3	2	5	3	5
2014-03-11		6447399	22722901W										5	1		1	1	1									5	1		1				1						2						1	
2014-03-11		6162078	24829501W	5	5	1	5	2	3	4	5	3	5	1	3	4	4	1	4	5	5	5	5	5	4	5	5	1	3	3	2	2	5	3	4					3	5	4	3	5	3	3	
2014-03-11		6183983	24829601W	5	2	5	3	2	1	5	1	1	3	1	3	3	2	1	3	1	3	5	1	1	3		5	4		2		3	1	1	2					1	1	4	3	1	3	2	
2014-03-11		6335364	24829701W	1	1	3	2	4	3	2	4	3	1	3	2	4	3	3	3	1	1	1	2	5	2		1	2	1	4	1	2	2	4	5					1	2	1	1	3	3	3	
2014-03-11		B78MDD0	30959101W	2	4	1	5	2	2	3	5	4	1	1	1	2	2	2	1	3	3	3	4	4	2	4	1			1		1	4	1						1	4	2	3	4	1	1	
2014-03-11		B7TW0P0	31274601W	5	5	2	4	2	5	5	1	5	5	5	3	1	1	5	1	4	5	5	5	5	5	5	3		2	1	5	4	1	4						5	5	4	5	3	2	1	
2014-03-11		B8Q8VR7	31340101W	2	5	5	5	5	5	1	5	4	1	2	3	2	3	3	2	5	4	1	5	5	5	3	1		2	2	3	4		2						1	5	5	4	5	2	2	
2014-03-11		B882241	31487301W	1	5		4	5	3	3	5	5	1	5	4	2	4	3	4	4	3	3	5	5	5	3	2		1	3	5	3	5	3		1	3			2	5	5	5	5	4	3	1
2014-03-11		B9XQB48	31541901W	1	1	2	1	5	1	2	1	5		2	4	3	5	1	4	1	1	1	1	1	5	3	5		1	3	2	1	1	2						1	1	1	1	1	4	4	
2014-03-11		BBD7NJ4	31548101W	3	5	5	4	5	5	2	5	3		1	3	3	2	2	2	4	4	3	3	2	1	1	5			3	3	4	5	4						3	1	5	4	5	3	3	
2014-03-11		6038629	22721601W	2	2	5	2	2	5	1	3	3	3	4	4	4	4	4	3	2	3	2	2	1	1	2	4	2	2	4	5	5	3	2	3		3		2	4	1	2	3	3	4	4	2
2014-03-11		6142423	22722401W	1	5	5	5	4	5	2	5	4	1	4	5	4	3	3	4	4	3	2	5	5	4	1	1	1	1	3	4	4	5	3		1	1	1	1	2	3	5	4	5	5	3	1
2014-03-11		6124681	22722601W	4	4		4	5	1	5	3	5	1	1	4	2	2	1	1	3	4	4	3	3	5		1			1		5	4	2						1	5	5	5	3	3	1	
2014-03-11		6227740	24829901W	5	4	1	4	1	5	5	2	1	4	4	3	2	3	5	1	3	5	5	2	4	1	5	4	2		3		5		5						5					2	2	
2014-03-11		B4MV7S5	29280701W	5	3		3	2	4	5	1	1	5	3	1	1	5		3	3	1	5	2	2	3	5	5			1		5	1	3						5	3	4	3	2	2	2	
2014-03-11		B53WMT0	29306401W	2	2	1	2	2	3	2	4	2	2	4	1	3	3		2	1	1	1	3	2	1	4	1		5	5	5	1	3	3						2	3	1	1	3	1	4	
2014-03-11		B405Q15	10459892W	3	2	4	3	4	3	3	3		2						5		1		4	4	4	4			4	5		1			5					1	4	4	1	4	5	5	
2014-03-11		B6Z3MD2	30298701W	5	4	5	2	2	1	4	4	3	4	1	2	3	2	2	3	2	2	4	5	5	1	4	5			1		2		2						3	4	4	2	4	2	1	
2014-03-11		B6TH854	31556901W	3	1	4	2	2	4	3	1	1		3	1	2	2		1	1	2	1	1	1	4	3	4			1	2	2		3						4	2	2	1	3	1	1	
2014-03-11		B4LR5Q8	29565101W	2	2	4	1	4	1	1	4	4	3	3	5	5	5	3	4	2	3	1	2	3	2	2	3		3	5	1	5	3	3		5	4	3	1	3	2	2	2	1	5	5	4
2014-03-11		B3QYDB8	29657601W	4	1	3	2	2	1	4	1	5	2	3	4	5	5	3	3	2	4	4	1	1	2	4	2			5		4		3			3		2	2	1	2	4	1	4	5	2
2014-03-11		B4679R2	01966190W	2	2	5	3	3	2	2	4		2						5		1		3	2	3	1			3	5		2			3					1	2	3	1	2	5	5	
2014-03-11		B2Q4N22	31416501W	5	5	2	5	2	4	5	1	5	3	4	1	1	4	3	1	5	5	5	4	4	1	5	5			3		2		1						4	4	5	5	3	1	3	
2014-03-11		BFD2WJ0	31624901W	3	4		4	1	5	1	2	5		3	3	2	4	3	1	5	4	1	2	4	5	4				2		5		4						4	4	3	5	2	2	3	
2014-03-11		B1YC514	28548401W	4	5	2	5	2	3	4	4	1	3	2	1	2	4	3	2	4	5	4	2	2	1	5	3	3		4		1	1	3	5					2	2	4	3	4	1	3	
2014-03-11		B05Q0Z7	28560301W	5	4	2	5	2	2	5	2	3	1	1	1	2	2		2	3	5	5	1	2	4	5	2			2		1		3						1	3	4	4	3	1	2	
2014-03-11		6193131	24828601W	4	4	4	3	2	5	2	5	1	2	2	2	1	1	3	1	3	4	3	2	2	5		2	1		3		5		5						3	3	4	4	5	1	1	
2014-03-11		6286064	24830701W	1	2	5	4	4	1	1	3	5	1	2	5	4	3	1	4	5	3	2	3	2	2	1	2	1	1	4	5	5	5	2	1	1	1	4	1	1	1	3	5	1	5	3	1
2014-03-11		6466769	10372501W	3	3		3	2	1	3	2	3	3	4	4	5	4	5	4	3	2	3	4	3	4	3	3	5	5	5	4	1	3	5	5					5	4	3	2	3	4	5	
2014-03-11		6269805	10377901W	2	3	4	3	2	3	1	2	4	1	4	4	4	3	4	3	4	2	2	5	5	1	1	1	3	5	5	1	4	3	4	2					3	4	2	2	2	4	4	
2014-03-11		B4MVFK3	29279201W	5	5		4	4	4	5	5	1		3	3	2	2	3	2	5	5	5	5	5	5					2		2	5	1						1	5	5	4	5	3	2	
2014-03-11		B3PDN50	29383901W	4	3	3	3	1	4	4	4	2	3	1	3	4	3	2	3	4	2	4	3	3	5	5	4		5	4	3	3	3	2						2	5	3	3	5	3	4	
2014-03-11		B3MKFQ9	29389201W	2	1	3	2	5	3	3	2	3	4	1	3	4	4	1	4	1	1	1	1	1	1	2	4		2	3	2	1		1			3		2	2	1	2	1	3	4	4	2
2014-03-11		B67DV33	29451701W	5	2		2	2	2	5	3	2	4	5	3	3	2	5	2	1	2	4	2	2	4	4	4		5	3	4	3	1	5						5	4	3	2	3	2	3	
2014-03-11		B24HHG5	28624301W	5	4		4	2	2	4	4	1	5	5	2	1	1	4	5	4	5	5	2	2	1	5	5	3		1		1	5	5	5					5	2	4	2	4	4	1	
2014-03-11		B29TXL3	28795801W	2	3	2	3	2	4	3	4	1	4	5	1	3	1	4	2	4	1	1	5	5	2	1	3	1		2		1	3	5						5	3	3	1	5	2	1	
2014-03-11		B99H2Z3	27592601W	5	2		1	2	5	5	1	3	1	2	3	1	3	1	1	1	5	5	1	1	1		1	1		3		3	1	1						1	1	2	4	2	2	2	
2014-03-11		B12GGP9	27656301W	5	1	3	2	2	3	5	1	4	1	5	2	2	1	4	2	2	5	5	2	4	4	5	1	5		1		4	1	5	5					4	4	2	5	3	2	2	
2014-03-11		B0JYPW9	27400301W	3	1	1	3	2	5	2	1	2	5	5	3	3	3	5	3	3	3	2	1	1	3	2	4	3	5	4	2	3	2	5						5	2	1	3	2	3	3	
2014-03-11		B0JQ008	27427401W	4	4	4	4	4	3	5	3	3	2	2	3	1	2	4	1	5	4	4	5	3	1		1	2		2		4	3	5	2					3	3	5	5	3	2	1	
2014-03-11		B87FVQ6	24785901W	5	2		5	4	1	1	5	5	5	4	1	2	3		3	4	2	1	2	3	1		5	5		2		2	5	3	4					5	1	5	3	4	2	3	
2014-03-11		6297000	24800901W	4	2	1	2	2	4	4	3	2	3	2	2	3	4	2	3	2	3	4	2	3	2	5	3	3	5	4	5	2	2	2	5		3		5	1	4	2	2	4	2	4	4
2014-03-11		B1Z81H9	28524801W	2	1		3	3	4	3	3	2	2	2	3	4	2	1	4	3	1	1	2	1	2	1	2	4	3	2	2	1	3	3	3					1	1	2	1	3	4	3	
2014-03-11		B235Z55	28555001W	5	4		4	2	3	5	5	1	5	2	1	2	1	2	4	5	3	5	5	5	2	5	5	1		2		5	2	5	5					5	5	5	4	5	2	1	
2014-03-11		B23NHD1	28559601W	2	2		2	2	2	3	5	2	1	2	2	4	4	2	4	2	1	1	2	2	1	1	1	4		4		1	3	4	3					1	1	1	1	4	3	4	
2014-03-11		6133041	24831601W	2	1	1	2	2	3	2	4	2	1	5	2	3	2	5	3	2	1	1	4	2	3	1	1		3	4	2	1	4	4	2					3	2	1	1	2	3	3	
2014-03-11		6370235	24832401W	4	5	5		4	5	5	5	2	4	5	3	1	1	3	1	5	5	4	1	1	5	4	4	3		2		5	5	5						5	3	5	5	5	2	1	
2014-03-11		6516437	10374801W	1	4		4	2	4	5	2	5	5	1	2	1	1	4	1	3	4	5	4	4	5		5	1		2		5	1	5	4					5	5	3	5	4	1	1	
2014-03-11		6837310	10377301W	2	3	1	1	4	2	2	1	2	2	4	4	5	3	3	4	2	4	1	1	1	2	1	1	5	2	2	3	2	1	2						2	1	1	2	1	4	4	
2014-03-11		6608538	27010001W	5	5	2	4	4	3	5	4	5	5	5	4	4	4	5	2	4	5	4	2	1	5	4	4	4	1	2	1	4	4	4	4					5	3	5	4	4	3	4	
2014-03-11		6358996	20372301W	4	5	3	4	2	4	4	5	3	4	2	3	4	4	2	4	5	3	4	5	5	3	4	5	2	5	2	3	2	4	1	3		5	5	5	3	5	4	3	5	4	3	5
2014-03-11		6309303	24153701W	3	4	5		3	5	1	2	2	4	3	5	5	5	2	5	2	4	2	3	3	1	3	4	2	4	4	3	5	2	2	4	1	5	2	4	3	3	4	3	3	5	4	3
2014-03-11		B0LTJN1	27471801W	3	2	1	2	4	3	4	1	3	4	2	1	3	5		2	1	2	3	1	1	4	5	5			4		1		1						3	3	2	1	2	2	4	
2014-03-11		BBFKH00	23327001W	5	5	2	1	4	1	5	2	4	5	1	1	1	1	1	1	5	5	5	5	5	2		5	5		2		3	1	3						2	4	4	5	1	1	2	
2014-03-11		6584780	25622701W	1	5	1	5	2	3	1	1	3	4	1	1	1	2		1	5	1	1	1	1	1		5	5		2		5	1	3						4	1	3	3	1	1	2	
2014-03-11		6593786	25622801W	5	5	1	5	5	1	5	1	5	1	4	1	1	2	4	1	4	5	5	5	5	5		3	5		1		3	1	1	4					2	5	5	5	1	1	2	
2014-03-11		6168418	25193401W	4	2	4	3	5	1	4	1	2	5	1	4	3	2	2	4	4	3	4	3	1	5	4	2	4		4		4	2	2	5		3	5	2	1	4	4	4	2	4	3	4
2014-03-11		B0FHTS6	27396301W	3	2		1	2	4	3	2	2	4	4	3	4	3	3	3	2	2	3	1	1	4	1	3	3	4	5	4	1	2	2	3		5		5	3	2	1	2	3	3	4	5
2014-03-11		6180597	24775101W	4	3	3	3	2	5	3	4	1	2	5	2	1	1	5	2	3	1	3	3	3	1	3	1	1		2		2		5						4	3	3	1	5	2	1	
2014-03-11		6231149	24828301W	4	4		5	2	5	5	2	1	5	1	1	1	1	1	1	4	4	5	1	1	1	5	5	2		1		2	5	3						3	1	4	3	5	1	1	
2014-03-11		B2892N9	28723001W	5	5		4	2	5	5	1	1	4	1	1	1	1	1	1	5	1	5	5	5	5		5	4		1		5	1	1	5			5		1	5	5	4	4	1	1	5
2014-03-11		B2893H0	28724901W	5	4		5	2	5	5	3	1	5	1	2	1	1	1	2	5	5	5	4	4	5	5	5	1		1		1	2	1	5					2	5	4	4	5	2	1	
2014-03-11		B1ZBWH5	28558101W	4	3		1	4	4	4	2	2	3	1	1	1	1		1	2	3	4	1	1	4		5	5		1		2	1	1						2	2	5	2	4	1	2	
2014-03-11		B04KPJ9	28559701W	3	3	4	3	4	3	2	1	3	3	2	4	3	3	1	3	4	3	3	2	2	2	1	3	1	4	3	5	4		2						1	2	3	3	1	4	2	
2014-03-11		6129761	24831001W	4	3	2	1	2	5	2	2	4	2	4	3	3	2	2	1	2	4	4	2	2	5	4	1		4	1	4	4	1	1	4					1	4	1	5	2	2	2	
2014-03-11		6341372	24831201W	2	1	2	1	4	4	2	1	3	2	1	2	3	3		2	1	1	1	1	1	4	3	2	5	1	3	5	2	1	3	2		5		5	1	1	1	1	1	2	4	5
2014-03-11		6388755	10375401W	5	2	5	1	1	1	5	4	2	5	1	2	3	2	1	3	1	2	5	3	4	2	5	5			2		3	1	1						2	4	3	2	2	2	2	
2014-03-11		B3LBBR6	29231901W	3	4	3	4	2	4	3	4	2	3	5	1	3	1	5	2	5	1	2	5	4	2		1			2		2		5						5	4	2	1	4	1	2	
2014-03-11		B3W5XY8	29253101W	4	1	2	1	2			5	1	1	1	2	2	1	1		1	3	4	1	2		4	4		1	1	5			2						1	1	1	2	5	2	1	
2014-03-11		B5V52C4	29437701W	5	5	4	5	2	5	5	3	1	4	3	3	2	1	5	1	5	5	5	2	1	5	5	2			4		5	2	2						3	3	5	5	5	2	2	
2014-03-11		B521L46	29451101W	3	3	4	1	4	1	1	3	4	4	3	5	5	5	3	3	3	3	2	3	3	2	3	4		5	5	1	5	3	2		5	3	2	4	3	4	3	3	1	4	5	4
2014-03-11		B4KLGT1	29509501W	4	2		4	5	3	4	5	1	5	3	1	5	2	1	1	1	1	5	1	5	4	5	4		4	3	2	1		3						3	4	4	1	5	1	3	
2014-03-11		B66J4M2	29488301W	4	2		3	2	5	1	3	3	3	3	5	5	5	4	2	3	4	4	3	3	5	2	3			5	1	5	2	4						4	4	3	4	2	3	5	
2014-03-11		B4YD2F1	29516901W	1	2	2	2	2	4	1	5	4	1	3	4	4	5		4	2	2	1	2	2	2	1	2		1	5	5	3	4	3			1	2	1	1	1	1	2	4	4	5	1
2014-03-11		B51C3Z5	29565801W	3	1	2	1	2	2	3	2	2	3	5	2	2	2	4	3	1	1	2	1	1	2	1	2		3	2	4	1	1	2						4	1	1	1	1	2	1	
2014-03-11		B8XS415	29574101W	1	5	5	5	2	5	1	5	5	1	4	5	3	3	2	5	4	2	1	2	2	1	1	1		1	1	1	4	5	4			5		5	1	1	4	2	5	5	2	5
2014-03-11		B5VJ0F5	29584601W	3	5	3	3	2	3	3	4	4	5	5	5	4	3	4	5	4	3	2	4	5	3	4	4			4		3	5	4		5	3	4	2	5	4	3	4	5	5	4	3
2014-03-11		B8K6P97	31331201W	5	5		5	5	4	5	5	4	5	2	3	3	2	4	4	5	5	5	5	5	3	5	5		2	3	1	2	4	5						5	5	5	4	5	4	3	
2014-03-11		B8F66C2	31379801W	2	4	5	4	1	3	3	4	3	5	3	4	4	4	2	5	4	2	2	2	4	4	3	5		1	2	4	2	4	2		4	4	3	4	4	2	3	2	4	5	3	5
2014-03-11		BCBGG68	31581301W	4	3	4	4	5	1	5	2	4		5	5	2	2	3	3	4	4	4	4	3	5					1		5	5	5			1		1	5	4	4	4	2	4	1	1
2014-03-11		BGD8Y55	31655001W	1	1		2	5	2	2	2	5		5	3	1	1	4	3	2	2	2	2	1	2	1			1	1	3	3		3						5	1	1	3	1	3	1	
2014-03-11		BJ3Q6B0	31712701W	1	1	5	4	1	3	2	5	1		2	1	4	3	2	3	5	1	1	5	3	5	3				5		1		2						1	5	1	1	4	1	4	
2014-03-11		6168485	14202501W	3	2	2	4	4	4	3	5	5	4	2	5	3	4	1	5	3	1	3	3	3	4	2	5	4	4	2	2	1	3	3	4	1	4	5	4	3	3	4	2	5	5	3	4
2014-03-11		B3XBZ38	29248601W	1	3	5	1	2	1	1	3	2	3	2	1	2	4		1	1	4	1	2	2	3		2			2		4	4	3						1	1	2	1	1	1	3	
2014-03-11		B530982	29361401W	1	3	5	1	1	5	1	4	3	3	4	3	4	3	3	3	2	2	1	1	1	5	3	2		2	5	1	3	3	3	2					3	1	2	1	3	3	4	
2014-03-11		B3TPGD1	29418501W	5	5		5	2	3	5	4	1	5	1	1	2	1	3	2	5	2	5	5	5	5	5	5			1		5	2	1						4	5	5	4	4	1	1	
2014-03-11		B3TP233	29497801W	1	4	4	5	5	1	5	1	5	5	1	1	1	1	3	3	3	5	5	1	1	1		5			1		1		5						5	1	4	5	1	1	1	
2014-03-11		B4Q5L81	29557101W	2	3		3	5	3	2	5	2	5	2	3	3	4	2	3	3	1	1	4	5	4	2	5		2	4	4	2	5	1						3	4	4	1	5	3	4	
2014-03-11		B59K0G1	30798701W	3	5	2	4	4	3	4	3	3	2	5	1	2	1	4	1	4	3	3	4	4	1	5	3			1		1		4						4	4	4	3	4	1	1	
2014-03-11		B7WJ188	31222001W	1	2	5	3	2	1	1	3	5	4	5	5	5	3	5	4	3	3	3	3	2	4	3	2		2	3	5	4	4	5		1	3	1	1	5	2	2	5	2	5	4	1
2014-03-11		B75ZM24	31223101W	1	2	3	3	1	2	2	4	5	5	4	4	3	3	3	4	3	2	2	5	5	5	3	4		1	5	5	3	5	4						5	4	1	4	4	4	4	
2014-03-11		B7T5B34	31241501W	4	4	5	3	2	1	1	3	1	2	5	4	5	4	5	2	3	4	3	2	3	5	3	1		4	4	5	5	3	5						5	3	4	4	1	3	5	
2014-03-11		B8CPMR9	31245801W	4	4	3	4	2	5	2	3	1	4	2	1	2	1		1	3	5	3	3	3	5	4	5			2		5	3	3						4	5	3	5	5	1	1	
2014-03-11		6257026	24830401W	4	2	4	1	4	1	5	2	4	1	4	2	1	2	2	1	2	4	4	2	3	5	4	3	5		3		5	1	4	2					3	4	3	5	1	1	3	
2014-03-11		6314460	24830601W	4	4	2	4	5	4	3	3	3	1	2	3	2	3	1	2	3	4	4	3	3	5	1	1	3	5	2	5	3	3	4	1					1	4	4	3	2	3	3	
2014-03-11		B07NLK8	27306301W	2	3	2		1	2	1	1	1	5	2	3	1	4	1	3	1	5	1	4	4	5	5	5	4	5	5	1	5		1			3	4	2	3					3	4	3
2014-03-11		B96SLT6	29348101W	3	5	5	5	4	5	3	2	5	3	3	3	3	5	1	3	5	2	3	5	5	3	4	4		4	2	1	3	2	2						2	5	5	4	3	3	3	
2014-03-11		B5MHXZ9	29515101W	3	2	3		1	1	1	2	4	2	3	5	3	4	1	3	2	3	3	4	2	3	2	4		3	5	2	5	4	2						2	3	1	3	2	4	4	
2014-03-11		B3N8302	29695701W	2	3	1	4	2	2	2	4	4	4	3	4	5	4	2	4	4	2	2	4	3	3	3	4		4	5	1	3	5	3			3		2	3	4	1	2	3	4	5	2
2014-03-11		B3LDVX8	29834701W	2	1	4	3	2	2	3	1	4	1	4	2	3	2	3	3	3	2	2	1	1	4	2	1		2	4	2	2	4	4						2	1	2	2	2	3	3	
2014-03-11		B429GM6	30588701W	1	1	1	3	2	1	2	1	5	5	4	3	3	3	3	1	3	3	3	1	1	5	1	4			3		4	5	3						4	1	1	4	1	2	3	
2014-03-11		B7F9V41	31134401W	1	1	2	2	1	3	2	5	4	2	2	3	5	3	3	3	2	1	1	2	1	4	2	2		1	4	2	2		4						2	1	1	1	3	3	4	
2014-03-11		B8QXRM9	31384401W	1	4	3	4	5	3	1	5	5	5	3	4	3	3	3	3	3	2	2	5	5	5	2	4			5		4	5	3						4	5	4	2	4	4	4	
2014-03-11		6055587	24828001W	5	4	2	4	2	3	5	4	1	5	1	1	1	1	1	2	4	4	5	4	4	1		5			2		1		1						2	3	4	3	5	1	1	
2014-03-11		B05Q3L4	27236501W	2	3	5	3	2	3	4	2	4	3	5	5	5	3	5	5	4	3	2	2	3	3	3	2	2	3	2	4	2	3	5	2	3	1	3	1	5	3	4	3	3	5	3	2
2014-03-11		6200860	24831501W	4	4	3	4	5	3	5	1	4	3	1	3	2	2	1	1	5	5	4	5	2		5	4	4		3		5	5	1						1	5	5	5	4	2	2	
2014-03-11		6241096	24832101W	3	3		5	2	4	3	5	4	2	1	2	2	1	2	1	4	3	3	3	4	4	3	1	4		2	1	2	5	1	4					1	4	4	2	5	1	2	
2014-03-11		6175571	24832301W	4	5	4	5	2	1	4	4	5	2	3	1	4	5		1	5	5	4	1	3	2		2			3	5	3	1	3						1	1	5	5	2	1	5	
2014-03-11		B06G2K5	27262801W	4	4	4	5	5	4	4	4	2	1	1	2	1	2	3	2	4	4	4	2	2	5	5	4	4		2		3	4	4	5					2	4	5	4	5	2	2	
2014-03-11		6091202	10371701W	3	1	2	2	4	3	3	1	4	4	4	4	5	5	4	5	2	2	3	2	2	2	3	4	2	5	5	1	2	2	4	2					5	2	2	1	2	5	4	
2014-03-11		6242378	10372001W	3	2	4	2	2	4	2	2	3	2	4	4	5	5	4	4	2	3	2	3	2	2	2	3	2	4	5	3	4	2	4	3					4	2	2	2	2	4	5	
2014-03-11		B4TG5S9	29293501W	1	5	5	5	4	5	1	2	3	4	2	3	3	5	2	2	5	4	1	5	5	5	3	4		1	4	5	4	5	1						2	5	5	4	3	2	4	
2014-03-11		B3RQ6Q9	29594301W	3	1	3	2	3	2	4	1	3	2	5	5	4	4	4	5	1	3	3	1	1	2	3	2		4	5	4	1	1	5		2	3	2	4	4	1	2	2	2	5	5	3
2014-03-11		B29HKR2	29681801W	1	1	3	2	5	1	2	2	5	1	3	3	3	5	2	2	2	2	2	4	2	4	2	1		2	4	4	3	3	3						1	2	2	3	1	3	4	
2014-03-11		B8HK1T4	31322601W	1	1	4	2	2	1	2	3	5	1	5	3	3	2	4	2	2	3	3	1	5	2	4	1		2	1	4	4		2						1	3	1	5	1	3	2	
2014-03-11		B1KKPM3	31437901W										2	4		5	5	5									2			5				2						3						5	
2014-03-11		BBGBHS0	31567101W	1	3	5	1	5	1	1	3	5		2	4	4	4	2	1	2	4	2	2	2		1				4		5	5	3						2	1	3	4	1	3	4	
2014-03-11		BGGZHX2	31659301W	2	3	5	4	5	4	1	3	4		4	5	4	5	4	4	5	3	2	5	2	3	1			2	4	2	4	5	4		1	3	4		4	3	4	2	2	4	5	3
2014-03-11		BHB1P05	27757702W	5	4	5	4	4	1	5	3	4		2	5	4	4	2	4	5	4	5	5	2	2	4				2		5	4	4	4		3			3	3	5	5	3	4	4	3
2014-03-11		BH7T0P3	20112202W	2	4	4	5	5	5	1	4	2		5	5	4	4	5	5	5	3	1	2	2	1	2				3		4		5						5	1	5	2	4	5	4	
2014-03-11		B096CD5	27303901W	3	2	3	1	1	4	4	2	4	1	3	2	1	4	2	3	2	3	4	1	1	2	3	1	1	4	2	4	3	2	2						1	1	2	4	3	3	2	
2014-03-11		B4YM1V7	29215401W	3	3	2	3	4	5	3	4	1	2	1	1	3	1	2	2	3	2	1	2	2	2	2	3		4	3	1	2	3	1	5					1	2	3	1	5	1	2	
2014-03-11		B609SV5	29406701W	1	1	5	2	2	2	2	1	4	1	5	4	2	2	4	3	1	2	2	2	1	5	1	1		2	1	2	3	2	5	2					3	1	1	2	1	3	2	
2014-03-11		B4WFGM4	29566601W	4	4		4	2	4	4	5	2	2	5	2	1	1	3	1	4	2	4	3	3	2	5	2			2		1	4	4						3	4	5	2	5	2	1	
2014-03-11		B43WWF9	29666101W	1	1		1	5	1	2	5	5	2	5	3	3	2	3	3	1	2	2	2	2	2	3	4		1	2	3	3	5	1			3	3	2	3	2	1	3	4	3	2	3
2014-03-11		B657MH8	29866001W	1	1		4	2	1	3	2	5	3	3	5	5	5	1	5	3	3	3	4	2	2	3	3		4	5	2	3	5	2		2	3	4	2	2	2	1	4	2	5	5	3
2014-03-11		B57GTL9	30649101W	2	2		2	2	1	2	3	5	5	3	5	4	4	3	4	2	2	3	4	4	3	3	5		2	3	3	3	5	1		3	4	5	4	4	3	1	2	2	5	4	5
2014-03-11		B88Y5H1	31382701W	1	3	2	3	2	4	2	5	3	4	3	4	5	4	2	4	4	1	1	3	3	3	3	4		1	4	3	2	5	2			3		4	3	2	1	2	5	4	5	4
2014-03-11		B8TWL43	31393501W	4	3	3	4	5	2	4	5	4	5	5	2	3	2	5	2	4	2	4	3	4	2	4	4			1		2		5						5	3	5	4	4	2	2	
2014-03-11		BC9LD42	31568501W	4	4	3	2	5	5	4	3	4		4	1	1	2	4	1	3	4	4	2	4	5	4				2		3		3						5	4	4	4	5	1	1	
2014-03-11		BCDM9C1	31583401W	1	1	3	2	5	3	1	1	5		5	1	1	2	4	1	2	2	1	2	2	4	1				2		3		5						5	2	2	2	1	1	1	
2014-03-11		B28PL63	28727301W	4	3	5	3	2	5	4	1	3	4	4	4	3	3	4	4	3	4	4	2	2	1	5	2	1		2		4	2	5	4					5	3	4	4	4	4	2	
2014-03-11		B06C311	27230801W	3	3	4	1	5	3	2	2	5	1	4	5	2	3	4	4	2	4	4	3	3	2	2	1	3		1		5		5		1				2	2	2	5	1	5	2	1
2014-03-11		6241847	24830101W	1	2	3	2	2	4	3	3	4	1	5	4	5	3	5	5	2	1	1	2	2	4	1	1	3	1	4	2	1	4	3	1					3	1	1	1	2	4	4	
2014-03-11		B3B2KF0	29115301W	2	3	5	4	4	1	2	2	4	2	4	4	4	3	3	3	4	3	2	3	4	5	2	2	5	1	3	4	4	5	2	1	2	5		5	2	3	3	3	1	3	4	5
2014-03-11		B457RD5	29247901W	3	3	2	4	2	3	3	4	2	3	2	4	5	4	1	4	5	1	2	2	1	4	3	3		4	4	2	1	4	3	4			2		2	3	3	1	4	4	5	2
2014-03-11		BKHZG65	29255101W	5	4	4	4	5	5	5	5	4	1	2	4	1	3	1	2	4	4	4	3	4	4	5	1		5	1	5	4		1						1	5	5	5	5	3	1	
2014-03-11		BF5R4B9	29331601W	1	2	4	3	4	4	2	5	4	1	4	4	3	3	3	4	4	1	1	3	2	2	2	2			3		3	5	1		1	1	1	1	2	1	3	3	5	5	3	1
2014-03-11		B3MVRX3	29380101W	5	3	5	4	5	1	5	2	3	5	2	4	4	3	1	5	5	4	5	2	3	3	5	5			2		2	1	1		5	4	4	5	3	3	5	5	2	5	3	5
2014-03-11		B465QT7	29501601W	4	1	4	1	2	4	3	5	1	2	1	1	2	1	4	2	1	3	2	1	2	1	4	4		4	2	3	2		1						1	2	2	1	5	2	1	
2014-03-11		B4KJWS6	29562001W	2	3	4	1	3	1	1	1	4	2	3	5	5	4	2	5	2	4	3	4	4	4	2	2		3	4	5	5	2	4		4	4	2	4	2	4	3	5	1	5	5	3
2014-03-11		B5WCD65	29581201W	2	2	4	3	2	4	2	1	3	1	3	2	2	2	3	2	3	2	1	4	5	2	1	1		2	2	4	3	4	1						1	3	2	2	2	2	2	
2014-03-11		B4NQZ85	10156902W	1	1	3	2	2	2	3	3	4	3	5	4	5	3	5	5	2	2	2	2	2	3	2	1		2	3	1	2	2	5			1	4	1	5	2	1	1	2	5	4	1
2014-03-11		B64BXL2	20363903W	2	4	3	4	2	3	3	5	3	5	5	5	3	2	5	5	5	2	2	5	5	5	2	3		3	4	3	1	4	5	1					5	4	3	2	3	5	3	
2014-03-11		B1NB0C8	31439101W										3	3		5	5	1									3			3				2						2						5	
2014-03-11		B7PV4L5	31471601W	1	1	4	3	5	2	3	4	4	2	5	2	2	4	5	3	5	2	1	5	1	2	2	2		1	4	2	1	5	4						4	2	3	2	4	3	4	
2014-03-11		BH4GY66	28560101W									5	4	2	4	2	2	1									4	1		3				3						3			5		4	2	
2014-03-11		B23SH70	28569001W	5	3	5	5	2	4	5	3	1	5	1	1	1	1		3	1	4	5	5	5	3		5	2		1		3	1	3	4					4	5	5	2	4	1	1	
2014-03-11		6388863	24829001W	3	5	1	5	1	2	3	5	2	4	4	1	2	2	3	1	4	5	2	3	4	1	1	4	5		2		5		1						3	2	3	5	3	1	3	
2014-03-11		6397687	24831901W	2	2	2	3	2	3	3	4	2	2	5	2	3	2	4	4	3	1	1	3	3	2	1	1	5	2	2	1	1	4	5	1					4	2	2	1	2	3	3	
2014-03-11		B10SYQ4	25007801W	2	5		5	1	2	4	4	4	3	4	5	5	5	3	5	4	3	2	4	4	2	2	2	2	2	5	4	1	5	4	1					3	3	4	1	2	5	5	
2014-03-11		6236304	10377701W	2	3	4		2	2	1	3	3	2	3	4	5	5	3	3	2	4	2	3	3	1	1	2	5	2	5	4	5	3	3	2					2	1	2	3	1	4	5	
2014-03-11		6842444	10382701W	2	3	5	4	4	4	1	2	5	1	3	5	4	5	1	4	4	4	3	4	3	4	2	1	3	2	2	4	5	4	1	3	2	3	3		1	3	4	5	3	4	4	2
2014-03-11		B5B3YR7	29319301W	3	5		5	5	1	3	1	3	3	3	1	3	1	5	2	4	2	3	5	5	1	2	2		4	3	4	1		4						4	3	5	3	1	1	2	
2014-03-11		B56ZM74	29710101W	3	3	4	2	3	1	2	2	2	4	2	5	5	4	3	5	3	3	3	3	3	3	3	4			4	1	5	3	4		4	5	4	5	4	3	4	3	1	5	5	5
2014-03-11		B9QN522	31519201W	2	5	1	5	5	4	2	5	5		3	2	2	5		1	3	3	3	5	5	5	3	1		3	2	4	4	5	3						2	5	4	4	5	1	3	
2014-03-11		BDZCSY1	31619801W	3	1	2	1	5	2	4	2	2		1	1	1	2	2	3	1	5	2	3	3	4	3				2		5		1						1	4	2	3	2	2	1	
2014-03-11		BJ62K79	31709301W	4	3	5	4		1	1		2		3	5	5	5	1	2	5	3	4								5		5		2						1		5	5	2	4	5	
2014-03-11		B442NY4	29341801W	2	4	4	4	3	1	1	2	3	4	3	5	5	4	3	4	3	4	2	3	3	2	2	3		3	3	4	5	2	3		1	1	2	1	4	2	3	4	1	5	4	1
2014-03-11		B97SLB7	31489501W	1	1		1	5	2	1	3	5	1	2	4	4	4	2	3	2	2	2	3	4	3	2	2		2	5	1	4		2		2	3		2	1	3	1	1	1	4	5	3
2014-03-11		BC9S2N5	31571401W	1	2	2	3	5	3	2	5	4		2	2	3	4	1	2	3	2	1	3	1	2	1			1	3	3	2		3						1	1	2	3	3	2	3	
2014-03-11		BCGD3S5	31587201W	4	4		5	5				5		3	5	2	3	3		3	4	4	4	4		4				2				5			3		2	4	5	5	4		5	2	2
2014-03-11		BJ35YD5	31711801W	1	1		1		2	1	4	5		5	4	1	1	2	2	2	3	3	1	2	5	3			1	2	5	5		1						3	2	1	4	4	3	1	
2014-03-11		B71PXR0	30629501W	4	5	3	4	4	1	4	1	4	5	1	2	2	1	1	2	4	4	4	5	4	5	4	5		5	3	5	3		1						2	5	5	4	1	2	2	
2014-03-11		B944VH4	31428001W	1	4	1	5	5	4	2	5	3	1	2	2	4	4	3	2	3	1	2	4	5	4	4	2			3		2		2						1	5	4	2	4	2	4	
2014-03-11		BCF51C2	31585201W	3	2	4			1	1		3		2	5	5	5	1	3	1		3								5	1	5		1		5	3		2	1		3	2	1	4	5	4
